time,x,y,z,phi,theta,psi,x_velocity,y_velocity,z_velocity,phi_velocity,theta_velocity,psi_velocity,rotor_speed1,rotor_speed2,rotor_speed3,rotor_speed4
0.06,1.1869474626337467e-07,-9.815912416705483e-08,10.00987069055493,6.282888740807785,6.2829369891064175,0.0,1.8591743522691114e-05,-2.0024272597649155e-05,0.3289864901085326,-0.017332304617731574,-0.014064993286171595,0.0,503.60926460698386,502.591153458998,506.2296148844286,504.98120260524763
0.12000000000000001,9.1994049397781e-06,-1.3315621793262573e-05,10.036448059787027,6.281490675806552,6.2831640561350195,0.0,0.00030514742760926275,-0.0005631095317423225,0.5568421271036178,-0.039234342206834354,0.0260645209293615,0.0,474.93329595491883,478.00077230458135,476.1423632517107,474.4640033579435
0.18,1.907407053444241e-05,-9.74691554256301e-05,10.076097563503522,6.279542941854656,0.0026676455998311255,0.0,-0.0002439399242518678,-0.0024924326080559894,0.7646909998660588,-0.021531866275490315,0.06779594725266017,0.0,468.42499347349144,471.6594195583904,469.72488991856017,471.0951015065109
0.23999999999999996,-6.104850882149499e-05,-0.0003212579195353432,10.12348755825281,6.278424215868386,0.006476608230516767,0.0,-0.002801135198314734,-0.005080603325630754,0.8149387297428541,-0.01342118604365121,0.053048478407697705,0.0,421.5298983159732,420.25685661699333,421.623519718713,422.32360312108403
0.3,-0.00036217924095193567,-0.0007185541048212955,10.17354052828478,6.277465382112279,0.009795984735143648,0.0,-0.007538724952819937,-0.008243872969317691,0.8534626422684602,-0.02166540062890017,0.059521011749985225,0.0,417.8451360048996,418.4112061647408,417.5097343843655,416.7899851218671
0.36000000000000004,-0.0010521753569045366,-0.0013479689584644924,10.229702134834486,6.276164486444824,0.014155109094720508,0.0,-0.015911456558684638,-0.012880958574561226,1.0184521779541424,-0.021713998739054313,0.09076715214598682,0.0,456.0126643543725,458.5051670011633,458.4005617296525,458.3967070593526
0.4200000000000001,-0.00232833642407823,-0.002274771315117657,10.294340830768265,6.274541275083809,0.019743840688610348,0.0,-0.027203142755107712,-0.018161470724171406,1.1360506268270072,-0.04075045209258519,0.09751905514372308,0.0,443.80340694224907,444.36450047170837,443.77403394050106,442.20862931333727
0.48000000000000015,-0.004422828164571652,-0.0035657380287570173,10.367041169015456,6.271535260580885,0.02524987911133092,0.0,-0.0432360995902956,-0.025149571465407902,1.28711922385316,-0.08540401941982144,0.0766414620604354,0.0,455.3242852904038,453.65787433794037,455.63915972947484,452.0533783891485
0.5400000000000001,-0.007720882627799933,-0.005412678057773761,10.45356812592174,6.2672984556618,0.029892474427817284,0.0,-0.06730383275542084,-0.03701948267737983,1.5967077113206947,-0.050941972434801815,0.07880691559730217,0.0,500.52964477744854,500.6912139005277,499.5539290153188,502.05663228994837
0.6000000000000002,-0.012317827430412428,-0.007932515408427956,10.549861367070324,6.264180716625095,0.034677608273226745,0.0,-0.08635340108441467,-0.04725106959143109,1.6130246281631893,-0.05408451561232797,0.08157773146956084,0.0,412.92893224110355,413.1789042627556,411.5112972930077,411.23105992211714
0.6600000000000003,-0.01821759973975757,-0.011163297919170987,10.64916687584065,6.260536851918163,0.039268655392463714,0.0,-0.11077671153035555,-0.06077682147418087,1.697011842170785,-0.0793256450745875,0.06375748004586633,0.0,435.4848465183675,433.996479631342,435.4331786323886,433.3136359118199
0.7200000000000003,-0.025673195053369357,-0.01528510114974456,10.753520947442658,6.255788110282385,0.042498144928935666,0.0,-0.13811501094650774,-0.07708706453608923,1.781299946981853,-0.07878841712644916,0.008819594373237375,0.0,437.10919384306555,432.50852369501575,435.12850963506116,435.168314860082
0.7800000000000004,-0.03497557915767011,-0.020583883593935853,10.866554956502572,6.250749254478919,0.042775369999835,0.0,-0.17200018577517126,-0.10009994999978147,1.9861448457719273,-0.09717511287218993,-0.00548327696659543,0.0,473.31343694679157,472.2114065323814,472.59531259395703,471.1705785595069
0.8400000000000004,-0.04607227003770917,-0.027198192460365728,10.986207009684085,6.2445423862408305,0.04294110981660726,0.0,-0.19788510614553131,-0.12091112431869566,2.0022069529002575,-0.12052248370164348,0.01556307895615697,0.0,413.1279991413503,414.97946668881025,414.41693882936477,412.34911831626783
0.9000000000000005,-0.05894932559217618,-0.0353821609524303,11.111923475000497,6.2367686452737665,0.043763450348553334,0.0,-0.2314374975433771,-0.15271803543054155,2.187959841095144,-0.16183320194960996,0.00970499043552514,0.0,468.36269437980377,467.9067656447021,468.55569713280255,465.3173319518359
0.9600000000000005,-0.0735039214920455,-0.045278235190910794,11.240732526274543,6.227150437090826,0.044009402404681985,0.0,-0.25375741557489817,-0.1778836055843535,2.105788140906299,-0.1574109471916144,-0.010522673429075969,0.0,381.7588256244868,379.82384332248824,379.48877417924643,379.88378570170215
1.0200000000000005,-0.08997393198113446,-0.05758658298648003,11.377688079320878,6.2173945876681245,0.04324060351709491,0.0,-0.2951168259182167,-0.23368864651237395,2.4586205261776835,-0.17575961300737553,-0.017840834582375308,0.0,515.951656093472,515.4348989320671,516.1429145398637,514.8249070318224
1.0800000000000005,-0.10863982992684228,-0.07311179966014793,11.52972199026287,6.206273051753751,0.042301366731714474,0.0,-0.3269573229431929,-0.2849602690266376,2.6087570618079092,-0.2234954236442385,-0.011604462881918657,0.0,458.6360594990477,459.13119876777034,461.1432974765364,457.3222749507556
1.1400000000000006,-0.1291936509491643,-0.0919655970142476,11.690665431286533,6.193262782158813,0.04137033397109047,0.0,-0.358069943309804,-0.34490744867675466,2.755551375206702,-0.20607346756789283,-0.02479142452724332,0.0,458.89050385879415,457.84263146389156,458.88788612016776,460.2236494331444
1.2000000000000006,-0.15149142356835427,-0.11447560446648347,11.857981864357928,6.18173713792843,0.03989909553983928,0.0,-0.38504057231615957,-0.4065599555058564,2.821381091188933,-0.17318514114686367,-0.02398456627636376,0.0,434.15468072973016,434.22227170834395,433.6232724393612,436.339292108909
1.2600000000000007,-0.1754022317313537,-0.14096563370436857,12.029808249871657,6.171054323746052,0.03826412617906705,0.0,-0.4118270230981123,-0.4774666898137568,2.905825404330472,-0.1901525244839486,-0.03474271720584786,0.0,442.11617392874075,441.2286936320673,441.3632114312987,439.9293642065878
1.3200000000000007,-0.20088726714849314,-0.17193500988917146,12.206722863773036,6.159703996061403,0.03568506265108784,0.0,-0.4374441824527385,-0.5559557530328882,2.9909556622027327,-0.1872830057649263,-0.06956552971500851,0.0,443.4801527204632,440.6091639273798,442.1221302166461,442.32349030509494
1.3800000000000008,-0.22801488172625767,-0.2084358399333987,12.393414110260565,6.148377675602788,0.031593436984591605,0.0,-0.4662788585692103,-0.6620405654653954,3.2312352446208386,-0.19192464745759574,-0.06558369983922682,0.0,489.65091159532926,489.94400702784685,489.9021112037607,489.5257901086491
1.4400000000000008,-0.2567411518456592,-0.2514497850706145,12.593501803671119,6.136984942386288,0.02726262193919382,0.0,-0.49076321226010516,-0.7730214744948982,3.4375313145702253,-0.18607840982650917,-0.090564250149231,0.0,482.40828420679577,480.5144090853848,481.5770335937018,481.9870112364292
1.5000000000000009,-0.28684582330599184,-0.30150158688584494,12.806655556328996,6.1263539399030975,0.021951218793967442,0.0,-0.5120538211655217,-0.8965785723408737,3.6666412746259027,-0.16361915840241947,-0.08472817461130606,0.0,490.57852787971655,491.00596943954577,488.19199481432884,489.8373990944579
1.560000000000001,-0.3179647819294501,-0.35821048906799835,13.027184036222906,6.116620006584464,0.017659334333772314,0.0,-0.5248288735671006,-0.9945863189622803,3.6840613410104592,-0.1595968159156291,-0.05335311928456503,0.0,425.27233919031863,427.9468948668313,426.31295512521115,426.63025659850933
1.620000000000001,-0.34974931107551815,-0.4206971223257685,13.247081069047217,6.107618778220498,0.014772773123061356,0.0,-0.5344101119712429,-1.0890762745235403,3.6457765487265927,-0.13566195290040486,-0.03927636165089364,0.0,407.75852684793347,409.01253256199647,406.96495352719444,409.07800509715076
1.680000000000001,-0.3821083144703486,-0.4895479626675666,13.467716608305464,6.099255575600752,0.012673159406187295,0.0,-0.5440053536277392,-1.20670959924124,3.7083181837522203,-0.14811999485240906,-0.027571415337630602,0.0,441.3448760134263,442.3093972422575,442.7129765795477,441.66836285885375
1.740000000000001,-0.4150271996322433,-0.5659626256464587,13.69386906908651,6.090373941485355,0.011308734843526125,0.0,-0.5531272931005873,-1.3413012690443162,3.829419167427949,-0.14784258429242403,-0.014502641126837922,0.0,461.10536802116553,462.13665478806485,461.1239455662562,461.12617314913393
1.8000000000000012,-0.44849106120480625,-0.6510610753443723,13.929361985496369,6.0814245625866175,0.010363974948199406,0.0,-0.5622215862301464,-1.4962053610960742,4.019358324601501,-0.15191889840304976,-0.018356365561798343,0.0,483.9425338951272,483.6524739952242,483.4411402641723,483.1149200611773
1.8600000000000012,-0.48243103833460144,-0.7447275627820584,14.171650553983499,6.072436546558187,0.009909380065772133,0.0,-0.5690421756037932,-1.6268193211859483,4.056496604884254,-0.14587266459581705,0.008134894222964517,0.0,437.2906690763388,439.4921528624765,437.96622339905053,438.44739792225624
1.9200000000000013,-0.5167453243240375,-0.8457316218520496,14.413016491859482,6.063282235340907,0.010928821243997966,0.0,-0.5748321027061003,-1.7407231496322673,3.9890048928898594,-0.17136292597868932,0.030524170084975523,0.0,403.6178783160461,405.6337095032409,404.01625025626385,401.685806750012
1.9800000000000013,-0.5514763741563492,-0.9546536607393352,14.654426574694494,6.052837538199363,0.013977317048314397,0.0,-0.583123708705453,-1.890955065218527,4.0573513471691145,-0.18014284495976798,0.07493284305492333,0.0,447.7844464930021,451.3842347787109,449.83198864662637,449.09149540274234
2.0400000000000014,-0.586764687810223,-1.0726537565805472,14.899258191395022,6.0425410251326515,0.01830575301960824,0.0,-0.5935727329456558,-2.043318344336096,4.1031036163612695,-0.15847380650076004,0.0658758464262058,0.0,444.31432306707273,443.57509688988983,442.5679717618724,444.31932068770584
2.1000000000000014,-0.6227766457256367,-1.2001678080496356,15.147485888673144,6.032885511687681,0.022680027668076974,0.0,-0.6072350092706255,-2.2080064547374763,4.170449852677517,-0.16633615888325395,0.08416723699248717,0.0,451.3157640558096,452.79377037194746,452.1437223039312,451.4855479657124
2.1600000000000015,-0.6596500503942114,-1.3372309725951288,15.397637598994894,6.022986476777028,0.02766142824268414,0.0,-0.6223216131695878,-2.3616199457264635,4.167496602278388,-0.16241140619585745,0.08063299333634756,0.0,430.8565885080054,430.563495988156,430.12470847935435,430.43003861010965
2.2200000000000015,-0.6975852586654067,-1.4842954161610482,15.64980693429579,6.013029297510947,0.033072727759518195,0.0,-0.6426910725304297,-2.541397311393859,4.2373425308997765,-0.1741792771104313,0.1045292967318664,0.0,454.1162229214782,456.0356056925839,456.0497477815745,455.08298316791775
2.2800000000000016,-0.7368352351763892,-1.6421781975782352,15.905469912830283,6.002679609816312,0.03897904270989194,0.0,-0.6662228591836955,-2.7222654134873725,4.283988333323223,-0.16932673441559223,0.08206234117772764,0.0,450.78402439498507,448.9726094368188,449.26834957459016,449.6334420350498
2.3400000000000016,-0.7776936985978707,-1.8117111579212188,16.165903410766337,5.992311166326619,0.04346960395117172,0.0,-0.6962100184343747,-2.929733366090998,4.396007509747028,-0.1808674734307942,0.05371944141829288,0.0,473.4882376718584,471.30624565911916,472.1044608356805,471.18608765683416
2.4000000000000017,-0.8203898170842739,-1.9935752535261968,16.431824022007866,5.981643772190555,0.04690887480907602,0.0,-0.7273074157205842,-3.133329891178438,4.467021135768801,-0.17226063666376576,0.06369298392669914,0.0,460.3415224078231,461.1322713108894,462.079948218114,462.7288376933501
2.4600000000000017,-0.8647860655301004,-2.186377728241945,16.69713864608453,5.971477943365189,0.05070685020815624,0.0,-0.7528680520853671,-3.294277301073225,4.376591049391941,-0.16430514239606878,0.06250134714798368,0.0,409.3091463320461,409.2063501314852,409.0617456686992,409.73945344102367
2.520000000000002,-0.911013126946874,-2.390427629261927,16.961362385271464,5.96217180706876,0.05432454802992659,0.0,-0.7883724195907162,-3.508185751498919,4.429912212001198,-0.14117497686542754,0.055472566542539015,0.0,458.52835952386556,457.9719959616927,458.21120540038027,460.02424156684293
2.580000000000002,-0.9593691938077906,-2.6070819208017424,17.22744726423937,5.953760935568193,0.05738897577220481,0.0,-0.8237755445881173,-3.7143347671220455,4.438852769773559,-0.13826636570016407,0.04038217003285444,0.0,447.12682114939474,445.8971483136237,445.85491671745143,446.0743394811506
2.640000000000002,-1.009702514008626,-2.83514087438817,17.490697153362255,5.9453993557811895,0.059631134521936247,0.0,-0.8541900455804553,-3.8883793998370146,4.3359649225541785,-0.1416384168872865,0.030537552208893398,0.0,409.63734634890704,408.76158617955963,409.21795431357594,408.89773219671537
2.700000000000002,-1.0621101951347425,-3.0749836939855975,17.751101399180367,5.937079732909712,0.0616648228569181,0.0,-0.8928903543225941,-4.107091601822111,4.343384899750638,-0.13329130158449085,0.03988059135049347,0.0,447.8727133379668,448.63254190258976,447.2677512945205,447.9294338365194
2.760000000000002,-1.1169378236953376,-3.3284330586410897,18.012738230160984,5.929609255894043,0.06394850922831807,0.0,-0.934891579165118,-4.341853640925526,4.376891730533716,-0.1110709896559701,0.03415044394237175,0.0,458.1201887066274,457.66490918735104,457.808265536356,459.55928085948494
2.820000000000002,-1.1743829321681862,-3.596414061774371,18.277078608247322,5.924242301868389,0.06571130001100567,0.0,-0.980097259675829,-4.591300448322551,4.43341691516508,-0.06438916395297305,0.017541630096124604,0.0,468.64862511118247,467.35587116345965,465.6854430346038,469.31597687222995
2.880000000000002,-1.2342138842112191,-3.8775723505778132,18.539643406253223,5.920075567127279,0.0665514434891259,0.0,-1.0143564903529827,-4.781172313105399,4.318673814499958,-0.0821937031146126,0.005769266592569359,0.0,410.86515977435823,409.819786332312,413.45751977139736,411.881325223274
2.940000000000002,-1.2965454509053222,-4.172535164121485,18.801340460198873,5.914886478802842,0.0668900451785488,0.0,-1.0633417441446409,-5.051284994406608,4.403348110892218,-0.09685058982068107,0.005390342581704051,0.0,479.0457516949642,479.01683271205854,479.7575882379121,478.63755307529715
3.000000000000002,-1.3617337333450328,-4.483363737016728,19.066782750710967,5.909163551389609,0.06732428199605245,0.0,-1.1095944378311455,-5.3101397691306405,4.443664484187711,-0.09259803155427589,0.010696633921106336,0.0,467.5257067211404,467.93892381259144,467.41080388883927,467.7349100554266
3.0600000000000023,-1.4294144035199647,-4.80828006903212,19.330521217407274,5.903686860297086,0.06804922242378364,0.0,-1.146487868600136,-5.521035277097824,4.347296225012124,-0.08876291013564454,0.014718887742628453,0.0,423.4891009445587,423.8349043239503,423.6040697663699,423.92636345565506
3.1200000000000023,-1.4996785520721552,-5.147915719915398,19.59325657260771,5.898394646670786,0.06887244634033696,0.0,-1.1956808025975294,-5.800560323973108,4.409286231623666,-0.08710843119343432,0.011644714270717185,0.0,477.30214930705694,477.0673030898666,478.17962693448226,478.2998084780971
3.1800000000000024,-1.5726539495838074,-5.503071031409119,19.856170289610397,5.8935660575222535,0.06947206829489438,0.0,-1.2368756476125105,-6.038510477605381,4.353892537525229,-0.06973516776810862,0.006468363239316151,0.0,442.619961580577,442.1935322885671,440.34067716798603,441.77044363085804
3.2400000000000024,-1.6481458048160977,-5.872820394990662,20.116140986322822,5.889079457437058,0.06967398326166041,0.0,-1.2795284267724927,-6.2869772047905785,4.311111619435354,-0.08747545229512176,-0.0037036858054266602,0.0,448.09414789599435,447.26622629959803,447.8967442783377,446.44679270943817
3.3000000000000025,-1.7258950847708467,-6.255933141864076,20.369435066472484,5.883605379573261,0.06928130552791512,0.0,-1.3121324937142782,-6.484249299400091,4.132062286400469,-0.10006837091763532,-0.012937156459492904,0.0,401.0457558247452,400.2060650064402,400.17066009486024,399.01425424254774
3.3600000000000025,-1.8062392584492406,-6.654638544939458,20.62046476814974,5.87753227531805,0.06870129898132227,0.0,-1.3658476811781042,-6.8063522644052945,4.2338593063998875,-0.10362179537571863,-0.0038188026556670585,0.0,496.89121262451397,497.55948243398853,494.84925104242654,494.5798283331011
3.4200000000000026,-1.8893280844946776,-7.0701666368932,20.87123614101228,5.871072231861914,0.06816585876115155,0.0,-1.4037554430005084,-7.04534959266009,4.124660576775194,-0.11731259268038424,-0.021841171246970898,0.0,431.6847179794344,430.1609444804803,429.6423686339185,428.46894121540083
3.4800000000000026,-1.9746326815021116,-7.499911555077034,21.114701557084476,5.86452534945748,0.06651090432789708,0.0,-1.439636912430921,-7.280324374867056,3.9904177154709983,-0.09638211501032193,-0.04268287585525018,0.0,423.51694600518306,421.71972707906986,421.07849787044694,422.87429146910614
3.5400000000000027,-2.062281672504568,-7.945259556508458,21.353022043685694,5.859430109956136,0.06395496552318836,0.0,-1.4817404307768411,-7.565237116995714,3.952599417713283,-0.06849238576078943,-0.04243176173492308,0.0,457.62913785794206,457.64819697543453,455.4378072255225,457.6574808376518
3.6000000000000028,-2.1523718212580296,-8.407599507892474,21.588377907600407,5.854970291097018,0.06220318965849447,0.0,-1.5210707542934614,-7.84671712261593,3.891751589944783,-0.08977118501007174,-0.01097520740597526,0.0,450.2341955406588,452.77228442773486,452.29528892921184,450.5734120573648
3.660000000000003,-2.244771639341153,-8.886816500336751,21.819589419441098,5.8497726501418565,0.0616864911365651,0.0,-1.5588599249307553,-8.127898289534746,3.814417034641271,-0.08098671825147466,-0.004260198888172851,0.0,447.4887999392503,448.03534693348223,447.6585479540886,448.3668045715116
3.720000000000003,-2.339161389921735,-9.38122938255553,22.0420587882838,5.844971979263237,0.061297282116171914,0.0,-1.5874861941863287,-8.353528746506747,3.6011864645713385,-0.07812933846015765,-0.01136028069404963,0.0,400.1789616807229,399.532037193212,400.6052978332655,400.8592047962252
3.780000000000003,-2.4355521625982677,-9.891334842749602,22.255877206758683,5.839822269349948,0.06057173198084609,0.0,-1.625462902701197,-8.650718799247919,3.5251188761666543,-0.10931900360022291,-0.013598679039463124,0.0,450.0098916700616,449.828741956386,452.5968863117425,450.07248310006173
3.840000000000003,-2.5342772718458475,-10.41993742501906,22.46599306263876,5.833798308072726,0.060284266290902444,0.0,-1.6652932887413545,-8.970117749589521,3.4774027674352115,-0.08679863641965858,0.00868620631969861,0.0,461.90748104559253,463.66208546639615,461.80578931468864,463.5706681414345
3.900000000000003,-2.635318384266459,-10.96738098624459,22.672001422217857,5.828576935518628,0.060415378291474475,0.0,-1.702756184123963,-9.278803262876869,3.3884602745892534,-0.08747485863021859,-0.01582402898581156,0.0,452.5396398895446,450.5618429182166,451.799741285979,451.7390734644721
3.960000000000003,-2.7386514620709805,-11.533878478126628,22.873202073672125,5.823112992105758,0.05941294720126766,0.0,-1.741566875289239,-9.605239379061052,3.3169541767558757,-0.09943345207596231,-0.018534628600592545,0.0,459.5603613144676,459.345493490297,461.4225558665289,460.47054987562547
4.020000000000002,-2.8445248624250867,-12.121895228962913,23.073406561495958,5.817186626745578,0.05794155597332207,0.0,-1.787335255818636,-9.99589214186507,3.3543596106192917,-0.09748404503374217,-0.040530084851394046,0.0,499.17760317432084,497.56944871090917,499.3070296640731,499.4420570319137
4.080000000000001,-2.9526764746141416,-12.730216605906298,23.268966625704284,5.810764375460211,0.055264030329655434,0.0,-1.817562428117895,-10.282630691602963,3.163650127412621,-0.14466943049569986,-0.05442127116846749,0.0,426.3363689509396,425.14614269052277,428.16894368104994,424.12202709598495
4.14,-3.062902218708283,-13.35845509732379,23.45775532186887,5.802089687600857,0.051630194170487975,0.0,-1.8562502834994115,-10.65953169805631,3.1272092312572437,-0.14439637066106878,-0.07714574380168518,0.0,483.6019962506791,481.88432054377165,480.68576789078406,480.6886660231626
4.199999999999998,-3.175300364432473,-14.008901284806026,23.64281206544746,5.793335074976618,0.047304174440720104,0.0,-1.8899314879690108,-11.023002267166037,3.039500513898253,-0.1491200386979075,-0.06355395730368156,0.0,468.49331827513765,469.5454623617683,469.8006740732482,469.4154677690069
4.259999999999997,-3.2894478309809116,-14.67942523625617,23.818613135448043,5.784275731185835,0.0431689507711388,0.0,-1.9147365719465694,-11.329113214202382,2.8195255554830014,-0.1550114119733601,-0.08270180467912605,0.0,427.5719250976611,425.932944548777,426.73556681158215,426.2096395078105
4.319999999999996,-3.4051413826951435,-15.36986976555472,23.983351611519666,5.775226478470653,0.038227701315193485,0.0,-1.9413124247514997,-11.686872633089791,2.670063441436641,-0.14354504292082196,-0.08166820692541772,0.0,455.0469891197668,455.12441808228886,454.3430271307791,455.24077479107126
4.379999999999995,-3.5222389312844116,-16.0805812069242,24.13620681958028,5.766920965713538,0.03342527345646307,0.0,-1.9616493465204725,-12.004942753272712,2.4240831173367514,-0.1297759888038269,-0.0769708116812135,0.0,423.1833147859855,423.58210867157834,423.29662421403054,424.4613746083833
4.439999999999993,-3.640674032786777,-16.813323643983455,24.27875173628911,5.759271774553206,0.028829668979758694,0.0,-1.9857523701048714,-12.420838259308596,2.3251576831883036,-0.12326533097822283,-0.0758495150787099,0.0,479.14367660144046,479.22477201598144,478.67513635502905,479.15691721486246
4.499999999999992,-3.7604655401907334,-17.57117642132175,24.414806554780462,5.751651091636397,0.02437127919086901,0.0,-2.0068880412104986,-12.842010756398103,2.207734925973616,-0.13580521566865106,-0.0713880131712271,0.0,477.2443216735728,477.58094410523506,479.0034768379894,478.03502192261067
4.559999999999991,-3.881279651242762,-18.350971823374273,24.537325166791135,5.743750287104625,0.01959529994822784,0.0,-2.020047295717966,-13.152958092401438,1.8754493819860636,-0.12450258526973904,-0.10597911976525577,0.0,405.22482026076244,402.0954989354219,403.79541125440824,404.79627308028114
4.6199999999999894,-4.002916133562067,-19.152066187258455,24.64353278303514,5.73607396317286,0.012806110851487418,0.0,-2.0340322616423507,-13.551648892356493,1.662961485434392,-0.13588219443418745,-0.13405037729927902,0.0,453.86612106421944,451.5950241834293,451.95934728552896,451.0261376879342
4.679999999999988,-4.125241672346055,-19.975212579862337,24.73305616697747,5.72781240802712,0.005226035139160423,0.0,-2.0431037549290063,-13.888491718071204,1.3201236058267147,-0.14157953320483924,-0.11420041408245116,0.0,406.04481834901594,407.805984602661,407.12930211383883,406.59949482599677
4.739999999999987,-4.248033801999098,-20.81835373665074,24.800808217811547,5.7192720663879975,6.282491802043118,0.0,-2.049692455145805,-14.218295677226948,0.9373126247639992,-0.14390109705617177,-0.07832269342519824,0.0,392.3221662137248,395.6301970488772,393.0468813579728,392.8097719865618
4.799999999999986,-4.3711670519579835,-21.68323538779186,24.847787593077545,5.711000190674778,6.277792538744984,0.0,-2.054475995702732,-14.612965270865455,0.6268680504476656,-0.1279295472307488,-0.07831778033657173,0.0,426.9425367194953,426.93779263917804,424.1927557619379,425.54383994788407
4.859999999999984,-4.494510742112861,-22.574063021032085,24.87867987706527,5.7028866823564925,6.273394162636045,0.0,-2.056648092093696,-15.082921112712025,0.40021127226073655,-0.1566855476982167,-0.06480902877864048,0.0,461.6186544723235,462.67976146282246,463.51078690456654,461.2277504667585
4.919999999999983,-4.617932072382163,-23.49291276166407,24.894637302958913,5.6940063377567895,6.2694077886364425,0.0,-2.0571354351401294,-15.547173636037172,0.1289638483676866,-0.1346943835771462,-0.06991631381254361,0.0,452.8703219005795,452.45597285034574,452.13137752818153,453.87983676022986
4.979999999999982,-4.741399388113024,-24.43729041217575,24.88974406298013,5.68542424786696,6.2655231344664415,0.0,-2.058258195974579,-15.9345223805651,-0.29371582272076,-0.17018108071726076,-0.056015048866462136,0.0,398.88617449258464,400.150530740432,401.7314860228409,398.4763908379455
5.0399999999999805,-4.864854601408213,-25.406788737712475,24.861155951251984,5.675473802035935,6.261978366095443,0.0,-2.056731428596597,-16.38424529328147,-0.6618824841761014,-0.15833962879987734,-0.06604345910973378,0.0,428.01222064030696,427.1549006774309,427.0972562308625,428.07885069512236
5.099999999999979,-4.988113978409878,-26.405409335449903,24.81235341339097,5.665590618735585,6.257993053703432,0.0,-2.051664051596711,-16.905089201783788,-0.9683692346150585,-0.18220353724443522,-0.06718926208160164,0.0,458.0754525683043,457.9811577325949,460.32925831838804,458.41073001690694
5.159999999999978,-5.111103690880417,-27.433810254734333,24.741799291865917,5.6552185496554195,6.25479711086466,0.0,-2.047821819969802,-17.377328869251947,-1.3864825259071218,-0.15878824712360762,-0.034391656046200765,0.0,423.72859217407415,426.53760049583065,423.0410620470297,425.02252768259996
5.219999999999977,-5.233758366758976,-28.49261375934239,24.64768768051821,5.645883468265033,6.252486932663492,0.0,-2.040560584587056,-17.918418773733443,-1.7543605661440038,-0.1498509294634422,-0.048345908143811414,0.0,453.28524869451365,452.1612837869292,452.79872644907124,453.4949919885036
5.279999999999975,-5.355951150370684,-29.584383887455175,24.53075401893773,5.636916648822183,6.249602071628216,0.0,-2.032383497831753,-18.476420175273827,-2.147386372396745,-0.14865208103358535,-0.047556603511059975,0.0,453.51385535511866,453.57591935986295,453.0149784219085,453.09089066840255
5.339999999999974,-5.477737284924664,-30.70814842678889,24.38676988704455,5.627664431564325,6.2465680513737745,0.0,-2.02702769840469,-18.985510724332624,-2.6555038978056626,-0.16860815766623571,-0.05739145170134589,0.0,418.753558385161,417.8949387017834,417.83351051170393,416.0646523642928
5.399999999999973,-5.59902533685893,-31.86557228723259,24.214783735363238,5.617437939905056,6.244347425006918,0.0,-2.0157931757411807,-19.597925348562196,-3.0822907489460367,-0.17438043903135333,-0.01281541044992696,0.0,457.82528438777797,461.358714454936,462.28899419555904,461.80706170507233
5.4599999999999715,-5.7196103768817,-33.0605688871387,24.016524717662058,5.607886308728581,6.243701126742469,0.0,-2.003730709618608,-20.238088184034474,-3.5316856465098416,-0.13917880373526367,-0.006968940892557884,0.0,466.0369729853002,466.4940451856432,463.21245915299147,465.949673165857
5.51999999999997,-5.839493948920503,-34.294309726091825,23.789887391587467,5.599070211497695,6.2432685950296545,0.0,-1.9924189602442397,-20.88989826944056,-4.0282446956944025,-0.17070228005620097,-0.007693088814524636,0.0,461.259097039881,461.201995207982,462.2880713150297,459.77602079309196
5.579999999999969,-5.958825712000303,-35.56593251276937,23.530007731381122,5.58866880962198,6.243027715432323,0.0,-1.985327842776955,-21.501269077023817,-4.639717647692721,-0.17926873868125495,0.0024800996580531054,0.0,429.8613013933333,430.7230170475721,429.57879543033687,428.82125450238607
5.639999999999968,-6.077516035877326,-36.87856876632283,23.23658106273433,5.577689013544468,6.243386393149962,0.0,-1.9711454437487947,-22.2563615150987,-5.148522518042208,-0.19173450482083398,0.012188543708811462,0.0,486.3295230221028,487.05636988214184,486.6378845266038,485.67401719844474
5.699999999999966,-6.19562114824897,-38.23327508569232,22.90656469704985,5.566187154439408,6.243783706659817,0.0,-1.9657590535823115,-22.904723719573767,-5.858404472588682,-0.19162416650477482,-0.007862195830462656,0.0,426.0782056666484,424.3595682766389,425.31870378860896,425.29055106981406
5.759999999999965,-6.313473225361426,-39.62676632774117,22.531484241953017,5.55483097763792,6.243110521317252,0.0,-1.9626539584182383,-23.549825910639843,-6.650851319122928,-0.1849399751250371,-0.0189613415923945,0.0,408.9550451565955,407.9647547017618,407.85110112312253,408.40963300963125
5.819999999999964,-6.43114741052746,-41.059854383109816,22.107340383417704,5.5434635493210855,6.242098777151899,0.0,-1.959816067827265,-24.225114443146147,-7.494493927158306,-0.2004897278290825,-0.012964474562173464,0.0,405.51214544848943,406.0508419699692,407.2182910214188,405.78517282445085
5.879999999999963,-6.548515103351021,-42.53680654313411,21.633500616937724,5.531557802437318,6.241054479035105,0.0,-1.9524853423840753,-25.011656303284184,-8.309269703910367,-0.19460324182833982,-0.028226257930997516,0.0,443.6630396871489,442.4075942872945,442.49606935571603,442.94193316202114
5.939999999999961,-6.665454242375442,-44.06193824015611,21.108793820522813,5.519588931814191,6.239355408257872,0.0,-1.945502737439682,-25.83169208732668,-9.19089041053965,-0.21163517482796343,-0.028501625394089382,0.0,442.21634862247754,442.1934349573828,441.9522289101139,440.50572858401034
5.99999999999996,-6.781835918551671,-45.63968239070315,20.53143095460547,5.506662769783173,6.237429792950708,0.0,-1.9339417035650874,-26.765088767037064,-10.066646525878944,-0.22437465299906018,-0.040469557147149136,0.0,475.56153550633417,474.6431460811688,475.25516392170124,474.2343944569592
6.059999999999959,-6.897617980059571,-47.273265339438666,19.897692184459412,5.4942405228654625,6.235012059068902,0.0,-1.9254952027380552,-27.6939781460196,-11.070733819799125,-0.1851992032885286,-0.03994992287160102,0.0,456.91796686166634,456.95863007224284,454.90928215848805,457.99454032259166
6.1199999999999575,-7.0130490381000685,-48.961781338429724,19.198905458044827,5.483412798774456,6.232605425831238,0.0,-1.9222176415997576,-28.598304098563975,-12.234989443815625,-0.17237199250854815,-0.04043367958553631,0.0,423.3515803530961,423.3090194366633,424.0596699493542,425.1274930849997
6.179999999999956,-7.128023963758314,-50.71003891449799,18.431130488205568,5.473016721540114,6.230714460680659,0.0,-1.9103408105293085,-29.685489020060857,-13.373324705733598,-0.17512015880884024,-0.017911083287820345,0.0,476.52668357972425,478.2458246327824,477.5015404866714,477.2651409609815
6.239999999999955,-7.242550906139081,-52.52194024968967,17.588497399053676,5.46270534050937,6.230049098688594,0.0,-1.9072902176192559,-30.722002458574305,-14.730891081967544,-0.16602660855627152,-9.210722243015081e-05,0.0,428.50801603512826,430.0211721149861,428.2435587828272,428.9872539908772
6.299999999999954,-7.356921533692674,-54.39816955133029,16.66077505269871,5.452415449207038,6.230053441440482,0.0,-1.9051478820303618,-31.831390576235613,-16.211873689270767,-0.18562233182953158,0.0003993679828780249,0.0,427.4217526917223,427.4636621068152,426.44564873930545,424.737248134759
6.359999999999952,-7.47089018117063,-56.34762816673431,15.643895826397104,5.440724845053428,6.230151255651711,0.0,-1.8940353159127228,-33.16277958617368,-17.707547184696264,-0.22870403629206038,0.003985029579550287,0.0,482.74308236391266,483.0136937127112,485.414994708052,482.1334815362676
6.419999999999951,-7.58448734825294,-58.376036846850276,14.529187001109904,5.4268957182532525,6.230164463392683,0.0,-1.8927379179761288,-34.46465758313811,-19.47565346033294,-0.23430206379089744,-0.008638108956954809,0.0,436.1070509356699,435.0506846179227,437.5163572866113,436.99583883933394
6.47999999999995,-7.6981821318770285,-60.483584337228216,13.301139657915005,5.4124641669171805,6.229366529140195,0.0,-1.8972596907790886,-35.80330142367996,-21.489015929423754,-0.2573795798178666,-0.024795561874018525,0.0,410.0336336832941,408.5946933968317,408.5038392384058,406.37462147250073
6.5399999999999485,-7.8119956626907925,-62.677591860226414,11.948152055337284,5.396694256060341,6.2278671343872745,0.0,-1.8968116449212473,-37.34736726260403,-23.64704867900849,-0.27687377313327416,-0.02538142149329018,0.0,447.55421789503595,447.50640692408996,447.8511173271913,446.19171345405874
6.599999999999947,-7.9257578204968375,-64.96907217464745,10.458825789857931,5.379712231971958,6.226462947970699,0.0,-1.89564852344541,-39.05404257575787,-26.040922173565235,-0.2996330077118612,-0.019714548440101783,0.0,463.286063601345,463.73169891706124,464.5612083121725,462.69335882675927
6.659999999999946,-8.03932693954518,-67.369791068209,8.81868345103195,5.361792050434442,6.2251740841926075,0.0,-1.8905379785247816,-40.99008269150311,-28.683880098731375,-0.29681411429420795,-0.025271011748772526,0.0,500.2302378398257,499.8252338920183,498.66401870706596,498.789873170757
6.719999999999945,-8.152758963858089,-69.89031351510997,7.007909318505852,5.3440474660775905,6.224735841706783,0.0,-1.8911148328136786,-43.052337333347474,-31.738298605476416,-0.2936877513058371,0.015068725513214679,0.0,489.52340356986355,492.5182371396645,489.75004349474744,489.90261035357764
6.779999999999943,-8.26635972159703,-72.53986536611889,5.000099101373276,5.326265630598254,6.2252866922924,0.0,-1.8961974758052063,-45.29693637310644,-35.264748534536025,-0.302322944352829,-0.006456268225542456,0.0,489.7837009181472,488.1788625867185,488.2222216643485,487.49604991331955
6.839999999999942,-8.38077155130375,-75.32551148926929,2.760407764488692,5.308363955783696,6.2246951774883605,0.0,-1.9180451704991768,-47.59833487526017,-39.48282840092407,-0.2914430529673522,-0.017720464168979846,0.0,421.07524441347124,420.09881869142254,421.43813282823686,422.28242012518194
6.899999999999941,-8.496515039535215,-78.2594247702147,0.24844417294626,5.290599024203143,6.223387810807047,0.0,-1.940707474328205,-50.24950989094045,-44.36435160037685,-0.3074748571688506,-0.031511197047664134,0.0,438.59765467034805,437.4496464924028,438.1822741791871,436.7548628108063
6.95999999999994,-8.613932167852475,-81.36112505458875,0.0,5.27215509242582,6.221289477701413,0.0,-1.9739735363543283,-53.204846520964836,-50.17946770268766,-0.30724770517467564,-0.042990543513285955,0.0,406.6096849841635,405.57817795950945,405.89156739942916,405.8056972358416
