time,x,y,z,phi,theta,psi,x_velocity,y_velocity,z_velocity,phi_velocity,theta_velocity,psi_velocity,rotor_speed1,rotor_speed2,rotor_speed3,rotor_speed4
0.06,-5.198066166638782e-07,0.01756467868034191,10.041892764595335,0.43448567987227626,0.0001709916172440984,0.0,-4.6772029521782926e-05,0.95499447179792,1.2256530009696287,-10.813732915527927,0.008015057886571962,0.0,899.5893993537578,899.9137797087035,899.8150688389717,-0.12673948665243503
0.12000000000000001,-2.2006063625236375e-05,0.07466093351211435,10.135853872197686,5.361953572254066,0.0010857584504861961,0.0,-0.0009047416722699292,0.9433211749230628,1.023764621303989,-19.265742205566504,0.026773175766125305,0.0,899.4229914662187,900.1823090725494,899.5200907099327,-0.24824338284506717
0.18,-0.0001684385012220012,0.12488525174979746,10.21554722599921,2.222676811949391,0.003058650165860932,0.0,-0.004563740999159436,1.5954723523689074,1.240704566740188,-24.340367539157864,0.042927565561828814,0.0,899.5672561803715,900.2210857015883,899.6481712574614,-0.47357726989361343
0.23999999999999996,-0.0006748346933782058,0.27216527118878203,10.231889691389165,1.8099566597790684,0.005851808458259278,0.0,-0.01317299478432331,3.335613876343814,-0.6584298186462255,-26.86375504898287,0.05296202931506731,0.0,899.778142592714,900.1843120239938,899.4901975736555,-0.518203546302815
0.3,-0.0018828250270008537,0.5339976348700852,10.174574292226483,0.39535761057405505,0.00942034819240778,0.0,-0.0281897016831065,5.30370495406823,-0.8407382819078631,-27.994667026192772,0.0700623691387871,0.0,899.5665955382156,900.2592354926663,899.473045064663,-0.7164194773529848
0.36000000000000004,-0.004242801673930072,0.8575095217740213,10.167363497216243,5.0285046752322256,0.013935696189629532,0.0,-0.05181686241732312,4.989674159554119,0.5138633194897988,-28.478577051052707,0.08400354774718097,0.0,899.3910247624599,899.9578733586171,899.5692991132346,-0.16614407095541373
0.4200000000000001,-0.008305967757820843,1.0975384209934962,10.180888128194999,3.3218565951510204,0.019171643612864386,0.0,-0.08540578010992043,3.1333152589002657,-0.5624976322921412,-28.674138482120213,0.0930965473790056,0.0,899.7415937267851,900.1136892215354,899.2433638391616,-0.381317656261583
0.48000000000000015,-0.014751275693105567,1.2934576604592527,10.069429944985867,1.6006802344494009,0.024931767597609955,0.0,-0.131032678978776,3.873247468497566,-2.9439121505169075,-28.76344920604845,0.10126385725960088,0.0,899.7218279345814,900.0555578256599,899.6947833610108,-0.3343954614203702
0.5400000000000001,-0.02430165850495232,1.5829914253573718,9.89246085645937,6.157435137520249,0.030951400470200063,0.0,-0.1895384621918797,5.5037089607392415,-2.500620380710896,-28.798705660448043,0.09836606190380423,0.0,899.7838684658032,899.6704389956724,899.6163038543951,-0.23571498366596752
0.6000000000000002,-0.03773582284170247,1.8876307460124697,9.77852771731464,4.429213252611788,0.037002431873312425,0.0,-0.2598212527828671,4.270147276437001,-1.6369360003287483,-28.812678375221033,0.10540262208093212,0.0,899.6792899986287,899.969583515225,899.5894969914551,-0.04306953325775967
0.6600000000000003,-0.05581028583468927,2.094464521614298,9.628597051321483,2.7003004672304947,0.043337032325322156,0.0,-0.34484664132769804,3.0208927392916514,-3.703672389063631,-28.81937142112521,0.10594233178416448,0.0,899.5492598898383,899.5763235619117,899.6402434389873,-0.17688036440161872
0.7200000000000003,-0.07933570303014774,2.315969791944199,9.345991387917454,0.9709956955686101,0.04948565407510763,0.0,-0.4415328391571039,4.636866023219092,-5.270682495827064,-28.82562034039848,0.09445148944988473,0.0,899.8046358554084,899.3426168184565,899.8256269140207,-0.32056836697385305
0.7800000000000004,-0.10912964762061632,2.6300181320133555,9.060656001898595,5.5245666095420205,0.05499216250743544,0.0,-0.5525567135766692,5.348250618938527,-4.068791790274125,-28.828929539546507,0.08578269057800982,0.0,899.6647169396655,899.3175269910358,899.865039571131,0.04700001224274697
0.8400000000000004,-0.1458151511613937,2.9001454579564423,8.826038650623483,3.7950030175403757,0.059913666481889116,0.0,-0.6731522079449768,3.5200367531601864,-4.251420812522893,-28.822073145893572,0.07319564161160251,0.0,899.7495632754567,899.2435340955801,899.4303917452678,0.19504885693662163
0.9000000000000005,-0.1901277023626723,3.091579463759871,8.496901695470793,2.065672645433171,0.06419365307498381,0.0,-0.8034862627919145,3.367431858586765,-6.730288552594231,-28.82232392521622,0.06732271998975888,0.0,899.819795701501,899.5831114325764,899.5925082935707,-0.060427308580512235
0.9600000000000005,-0.24246818984543358,3.3511323354770686,8.066634421623283,0.33638907500797455,0.06801286962182918,0.0,-0.9442824651145247,5.2464246845439035,-7.0836077643204485,-28.8200257260524,0.055051320772939887,0.0,899.8885191991776,899.3928418139113,899.4654556635437,-0.18959631041717553
1.0200000000000005,-0.30346744792202374,3.6665963338062277,7.6816898950234895,4.890274469361575,0.07120425493373705,0.0,-1.088505713596588,4.805399512954452,-5.892844712417812,-28.824274139756948,0.049181337784759256,0.0,899.5153255139442,899.2791562535803,899.7401550476095,-0.14314096313537608
1.0800000000000005,-0.373436190621573,3.8968898878729306,7.300966958314927,3.1607673073105182,0.07418900897163638,0.0,-1.2452466513980813,3.072039809487116,-7.274901750841253,-28.82642999383555,0.050860637456571135,0.0,899.3668960103787,899.435847593577,899.7620153687162,-0.1302237347348737
1.1400000000000006,-0.45268426011662616,4.097480178369198,6.793654982398744,1.4310352757366633,0.07726728307846642,0.0,-1.3975741793285308,4.036564913852021,-9.364976298204008,-28.832851445394404,0.052177745272850004,0.0,899.4011002975255,899.4546716005061,900.0549461683167,0.15183142019192397
1.2000000000000006,-0.5416547061564267,4.392063166390015,6.243151190423246,5.984144317623912,0.08027513374078943,0.0,-1.5677257572183483,5.418693503050094,-8.6415625193896,-28.83740410525951,0.0456765267370595,0.0,899.9216789423682,899.6594773072604,900.1564736323309,0.2692225578677913
1.2600000000000007,-0.6406512107573039,4.685729592336906,5.750253340971168,4.253831978596077,0.08297363549834014,0.0,-1.736048467427492,4.03287871663642,-8.154405114132459,-28.840314964564183,0.04353436659959066,0.0,899.6729295498978,899.5873027518121,900.2117080389556,0.1366843603822541
1.3200000000000007,-0.7502253505391637,4.886198728650008,5.200931171194489,2.523235446011853,0.08570360450944303,0.0,-1.911448979635558,3.0931838594197547,-10.342060795014696,-28.84820429791905,0.04916423291136866,0.0,899.5605463483199,899.7885453449223,900.5658159309085,-0.059923808159663805
1.3800000000000008,-0.8700445472288084,5.116232039586763,4.533223650884927,0.792307421226913,0.08869292415449426,0.0,-2.089989817627589,4.794906592603257,-11.439355232732295,-28.849717240889408,0.05110592472622171,0.0,899.4451938907295,899.5240083271099,900.4749752916832,-0.5010962962063441
1.4400000000000008,-1.00117243273255,5.428278640454991,3.8806524308904824,5.344723314804952,0.09204219107529887,0.0,-2.2764937910562195,5.1576838250123345,-10.301819138391643,-28.841303683257756,0.06388616759847818,0.0,899.405728091902,899.9247593991084,899.9970172846621,-0.07202634927432494
1.5000000000000009,-1.1436912241182777,5.684860342493972,3.258773608329538,3.6143035785929634,0.09645285913010504,0.0,-2.479638623129451,3.3383431478082994,-10.939866235536417,-28.838899845615828,0.08794291702767691,0.0,899.182918775571,900.1589899262614,900.0522912132379,0.13840223705253044
1.560000000000001,-1.298062240253272,5.877124921981721,2.53293539396065,1.8840907466812773,0.10219545622424064,0.0,-2.6628470435839544,3.507240161508388,-13.155153526230063,-28.833940300191067,0.10791169119472944,0.0,899.6663511546076,900.4772832276223,899.8526727055762,0.13062405117122622
1.620000000000001,-1.4645170954002538,6.144698083855136,1.7322957987338772,0.15403678631079298,0.1091483470690573,0.0,-2.8914613842967962,5.244730661216536,-13.06046406077846,-28.834678148248788,0.12831796977729482,0.0,899.6992873608433,900.5304347261917,899.9886608698893,0.4653072306845197
1.680000000000001,-1.6445707239209681,6.450639582098474,0.9786769568490122,4.707032519979494,0.11705882986531968,0.0,-3.1145038470138338,4.552666354729305,-12.24490438311494,-28.839397280757105,0.13808551485685333,0.0,899.7225583924755,900.1272244680991,900.2223275263873,0.30691894825769206
1.740000000000001,-1.8393356400446874,6.669618721453947,0.203582224354189,2.976510172646586,0.1253821296398634,0.0,-3.3690682383463213,3.0761819068670184,-13.922442281739334,-28.84638812896386,0.13998883033751222,0.0,900.1219217912814,900.2071858457764,900.4896727592464,0.17199485201621936
1.8000000000000012,-2.0478982521883875,6.876942671804058,0.0,1.2457437953004469,0.133688532070388,0.0,-3.599206656629276,4.22284684704459,-15.496543434945432,-28.84638256024305,0.1351503196063659,0.0,900.1001870748105,899.9114407924551,900.3751714565702,0.05592975682321004
1.8600000000000012,-2.272943724245384,7.173289921696796,0.0,5.798177183271122,0.14183446806011446,0.0,-3.893629725895624,5.24327820115803,-14.645010232047388,-28.84509662006277,0.136967184941117,0.0,899.858325945892,899.9418318325988,900.2699554507096,-0.03025626394654124
1.9200000000000013,-2.515290602273397,7.452126851125546,0.0,4.067467921641359,0.15003713687257392,0.0,-4.201702855887564,3.7413716435247384,-14.66870747794343,-28.845241587449845,0.1361947263815254,0.0,900.0188105864552,899.9976667583428,900.3055091529574,-0.15660982729255196
1.9800000000000013,-2.776059962568069,7.648375314088502,0.0,2.3368988262191746,0.1582990771745978,0.0,-4.466385105229175,3.1959408688711815,-16.689046477123693,-28.838277549296542,0.14054633328573105,0.0,900.0487751891616,900.23194421016,900.022723271668,-0.1542585493441001
2.0400000000000014,-3.053017498220349,7.886784122842735,0.0,0.6067219317740129,0.16694095669249265,0.0,-4.795313961255922,4.887064983021518,-17.214442792431754,-28.834047139482873,0.15019208275602675,0.0,899.7884740612529,900.1878755683497,899.8813964025755,-0.3475887144555429
2.1000000000000014,-3.351289926207336,8.191386353759109,0.0,5.159903125459371,0.17627243831841977,0.0,-5.139283004311788,4.911065539840143,-16.367560517644105,-28.83244656262689,0.16447640009086031,0.0,899.495315583485,900.0864937077116,899.868282915408,-0.12552749632140822
2.1600000000000015,-3.671800845229041,8.432008403611476,0.0,3.4299392688883756,0.18669718673069813,0.0,-5.540093503661064,3.217394306825743,-17.467901949870352,-28.833164139619413,0.18777113997450642,0.0,899.4312943037637,900.3888141492682,899.9409681653888,0.041392041207288705
2.2200000000000015,-4.0118200241632085,8.627384719611399,0.0,1.6999900058347377,0.19855270548425974,0.0,-5.801487735882217,3.6385688596791512,-19.119302097840418,-28.831834920832783,0.2122252472967275,0.0,899.2564251681873,900.2630266975965,900.0099256133014,0.051317293081005945
2.2800000000000016,-4.373571268304819,8.898717644741767,0.0,6.253142339017719,0.21181770810172385,0.0,-6.264582893666548,5.098299088102814,-18.656932116594557,-28.837185758632046,0.2345703569010472,0.0,899.3910792287512,900.3200172678937,900.1670013372134,0.35614703284752136
2.3400000000000016,-4.762524670802458,9.1892349658511,0.0,4.522666664268289,0.22616449473014733,0.0,-6.724959689167615,4.193814149711602,-18.32065160579713,-28.848330614230594,0.24691182104232912,0.0,899.5713457426097,900.1016985717268,900.6403735910372,0.38264188277896793
2.4000000000000017,-5.180392858358936,9.397064002333604,0.0,2.791760845276473,0.240977680766024,0.0,-7.1400685686765994,3.1403054034983438,-20.028947968083763,-28.84676064455034,0.2468358734236637,0.0,899.8465676230015,899.8707146804858,900.418423791151,0.4015013387609359
2.4600000000000017,-5.617908596806195,9.61013974144156,0.0,1.0611188662218618,0.2557689586877405,0.0,-7.518501122461683,4.339985639310918,-20.939593982101666,-28.842350266646417,0.24588563738178124,0.0,899.7643748222168,899.7530257038262,900.2272412209597,0.5173488122942851
2.520000000000002,-6.087620832933495,9.900176746375282,0.0,5.613873863527676,0.2705025326710162,0.0,-8.118096086682504,4.966798653414398,-20.15365738370696,-28.837865490739674,0.2449007805727451,0.0,899.7772944597596,899.7700721347654,899.9750920682677,0.7201465332527149
2.580000000000002,-6.593947600960884,10.157921393612678,0.0,3.8835934597793376,0.28520990770224763,0.0,-8.776757415145592,3.415595170128089,-20.70131222922717,-28.838223006647596,0.24560914851275267,0.0,899.7336176807006,899.7929085430881,900.0911574078636,0.6913919317837688
2.640000000000002,-7.131130313583958,10.351231605050929,0.0,2.153443880268936,0.3000566393638424,0.0,-9.070142737158212,3.252521433628283,-22.152014930242693,-28.830838571934283,0.2508793548634935,0.0,899.8879749496316,900.1287049608671,899.9623263570393,0.5595096388025168
2.700000000000002,-7.692076554736,10.59163777857784,0.0,0.4235630345096508,0.3151632265166464,0.0,-9.715772876892968,4.769638913708669,-22.1245998929111,-28.833351757607815,0.25346315996096824,0.0,899.9123409658675,900.047314445744,900.0236037119215,-0.06126416538349744
2.760000000000002,-8.298061532433193,10.878840695166566,0.0,4.976687380559554,0.3303011315840134,0.0,-10.490693626032117,4.499636504780167,-21.60493669743587,-28.835903662812786,0.24986653446217647,0.0,899.9650392732901,899.8539253584845,900.0662562449954,-0.1783650106687177
2.820000000000002,-8.951835133946913,11.098360788716146,0.0,3.2463833618537272,0.3450747086260959,0.0,-11.201213412978179,3.1595888240221965,-22.974236863885245,-28.840846909358135,0.23779877809342154,0.0,900.1299912344177,899.6703804239187,900.3562510901843,-0.14172962798536248
2.880000000000002,-9.629218252086003,11.294699605341082,0.0,1.5159781676440494,0.35912046188898916,0.0,-11.456449779717463,3.66574882283072,-23.83296367439828,-28.840772047370567,0.22542970530308568,0.0,900.0876362214917,899.6107422797525,900.457126145343,-0.19492303433202857
2.940000000000002,-10.344372986021547,11.557620106244878,0.0,6.068637746764711,0.37252819221716926,0.0,-12.414462755985731,4.744007304346509,-23.16068707635236,-28.844179577235355,0.21916447542619732,0.0,900.1252744700937,899.8969727981487,900.3431080041961,-0.29612781818033573
3.000000000000002,-11.119960157371686,11.820775592179254,0.0,4.3379828363427855,0.385439653359513,0.0,-13.465046503197483,3.6368930737252607,-23.237143338235597,-28.844352653997905,0.20576500291608554,0.0,900.2487061494251,899.7314222172373,900.2783709358431,-0.17603548859438453
3.0600000000000023,-11.94577664507233,12.01543044026397,0.0,2.6073894084434492,0.3976377828386388,0.0,-13.870580831937433,3.1538461329125766,-24.513384675870583,-28.838235836387167,0.19786680837983023,0.0,900.3413947283595,900.0392163168818,900.2504597437587,0.15210056040129785
3.1200000000000023,-12.788213544929693,12.225774919122987,0.0,0.8772481041142521,0.40932886512048317,0.0,-14.418929915077115,4.197769027108719,-24.754086345650634,-28.83549039186387,0.1880203975756766,0.0,900.1070854102602,899.7243199658263,900.1051743004165,0.018275388269152232
3.1800000000000024,-13.691000083990762,12.49405386175817,0.0,5.430260139188279,0.4203486410412598,0.0,-15.681230632869225,4.477169566520746,-24.096397973975506,-28.837350158816182,0.1731120826264671,0.0,900.030051185501,899.4447340965896,900.0963879549869,-0.04492546984803403
3.2400000000000024,-14.67018053933759,12.719384485197528,0.0,3.6998946997134396,0.4304417873539741,0.0,-16.85082179306076,3.0954948569736427,-25.04112835985814,-28.842298087825604,0.15606089804971054,0.0,900.0958502874036,899.4194839966585,900.3416604741443,0.14299804299260013
3.3000000000000025,-15.683143715265473,12.90750504589124,0.0,1.9696068741844055,0.4394674797197995,0.0,-16.866788380968842,3.170536042143489,-25.568436003618956,-28.832011305645203,0.13573659926285964,0.0,900.1528980263596,899.338047923003,900.1439887599175,0.06141299748242583
3.3600000000000025,-16.72221321738378,13.135197573335894,0.0,0.23951177384745215,0.4473382597468438,0.0,-17.965906385910333,4.326462245387822,-25.15996727830082,-28.841541147988856,0.11997955658991694,0.0,900.3225629536294,899.6919092527344,900.4445615726959,-0.04612298794400005
3.4200000000000026,-17.84782633129333,13.38890103533895,0.0,4.79206589024867,0.454198483748252,0.0,-19.57090331625137,3.800336042080821,-24.894337491951283,-28.847615889942936,0.09960718443627437,0.0,900.4287930547171,899.6113609565899,900.5081276509225,-0.07598510788463136
3.4800000000000026,-19.054368875691033,13.582951129002053,0.0,3.0612121584885426,0.4598749868915375,0.0,-20.33552113074407,3.1354161769663556,-26.10295260206484,-28.843869222001874,0.08205613144325404,0.0,900.1558742899805,899.4476863037621,900.4426652867406,-0.1492627765232278
3.5400000000000027,-20.270280423312347,13.773569802813102,0.0,1.3308093508261178,0.4644650840831712,0.0,-20.42722388252026,3.4720878375330795,-26.13651864526559,-28.83788848752102,0.062066027100100646,0.0,900.2186512186472,899.410163437278,900.3576437219175,-0.28384479730204537
3.6000000000000028,-21.542929124198263,14.010586741111437,0.0,5.8835637564444845,0.46779279202888535,0.0,-22.10667970484203,4.147167735831228,-25.46730117036444,-28.844836648699893,0.037020118317942996,0.0,900.473347726648,899.4608194641396,900.4403485302332,-0.15326751824766233
3.660000000000003,-22.926037461983707,14.233068643554038,0.0,4.152927116056812,0.4695737546644292,0.0,-23.907524372307165,3.0234967212631942,-25.918120147939415,-28.842632073023605,0.008000307391613504,0.0,900.6556339571063,899.481602664921,900.1731513992654,-0.2765565146814726
3.720000000000003,-24.369597727292,14.416363969111002,0.0,2.422483908633449,0.4697801726218236,0.0,-23.936967171555644,3.0831221444224806,-26.25771056836209,-28.835175662789457,-0.007745043195829675,0.0,900.6570230875959,900.0194524616115,900.3732290062188,-0.30907835911418247
3.780000000000003,-25.818175265921177,14.61273391124005,0.0,0.6925950603181033,0.46913634199119336,0.0,-24.71988906026101,3.7441909064741896,-26.01822517188491,-28.830699967523884,-0.017497025080965078,0.0,900.8151695261204,900.4207574605091,899.961640481537,-0.796424656338465
3.840000000000003,-27.365425809450915,14.843965139959895,0.0,5.245895093865386,0.4679521012803951,0.0,-26.90726796632257,3.7483012733179666,-25.565029079999448,-28.832535142069784,-0.02464263933725658,0.0,900.6386910253685,900.3494753585596,899.9458645295929,-0.7127522928696556
3.900000000000003,-29.034517911858064,15.0335295299756,0.0,3.515894696211756,0.4663029755090964,0.0,-28.395639145047962,2.9463915513088565,-26.63193609624596,-28.831669652747298,-0.03388486303354878,0.0,900.5763035285422,900.2023625232902,900.0214560967487,-0.6332318183912766
3.960000000000003,-30.728199447808517,15.216745707436319,0.0,1.7860728327450222,0.46404234858143667,0.0,-28.123181993869103,2.960971962779948,-26.083073553281988,-28.829200967665447,-0.046610217160629894,0.0,900.5548724181077,900.0396321142113,900.3928423239198,-0.6751855362446769
4.020000000000002,-32.458945273418884,15.418110615069578,0.0,0.05614843290463245,0.461011932146703,0.0,-29.877166314283222,3.657445150080108,-25.597757952207907,-28.83898032356259,-0.059723164198919335,0.0,900.5006701232375,899.9693647791718,900.3796428714749,-0.3200176197153031
4.080000000000001,-34.32981755008182,15.627509596075335,0.0,4.608898702340589,0.45718982240907113,0.0,-32.447986288493325,3.0140253648321007,-25.640075614985125,-28.843132284495436,-0.07317506535546334,0.0,900.5456154738151,899.9997199855424,900.3266976257005,-0.5379384288630285
4.14,-36.3114704834906,15.80339593042075,0.0,2.878458514361604,0.452488516296893,0.0,-33.152448068179865,3.1895590637533258,-26.1237760540041,-28.832784904801645,-0.09150421841226013,0.0,900.6858775053945,899.9422444248899,900.1740703130532,-0.44834952210671547
4.199999999999998,-38.2991123661023,15.983602456103762,0.0,1.1488542865483051,0.44689431985827976,0.0,-33.49597986058373,3.056885117135933,-25.49400093994916,-28.822862773158604,-0.09694686405683756,0.0,900.31894934069,900.096022815109,899.880184733911,-0.09608993638432456
4.259999999999997,-40.38467970612681,16.18186129599144,0.0,5.7024934686988225,0.4408004935933194,0.0,-36.20840049719376,3.384570108868088,-25.053292088191927,-28.83059816947389,-0.1128882548972703,0.0,900.7689207002043,900.1191802200091,900.0131484196266,-0.08114001533427334
4.319999999999996,-42.643461019381256,16.361229619326235,0.0,3.972628558346816,0.4337301370547655,0.0,-38.831503186262786,2.6473321266515524,-25.79469380074765,-28.83044331386347,-0.13026655724793249,0.0,900.9041842243249,900.1954769026929,899.9113988003133,0.20490425733270756
4.379999999999995,-44.98502332727293,16.54262373061712,0.0,2.2431631918738617,0.4255835331519595,0.0,-39.003654111335045,2.994534854082625,-24.80978651839827,-28.815066347291168,-0.1500399758768406,0.0,900.9906385001641,900.1831409534801,899.765860003755,0.5018794813708081
4.439999999999993,-47.36258303561672,16.71512433898225,0.0,0.5142162688273437,0.41640439664253925,0.0,-40.729525509184974,3.0253321396036092,-24.417030640815646,-28.822160488772163,-0.1596396516823602,0.0,900.8238648735863,900.4263006056009,899.9694373302826,0.5298052405273678
4.499999999999992,-49.91282841861904,16.897191953507033,0.0,5.067819490271129,0.4065263121559477,0.0,-44.34819188005482,2.868588727605184,-24.31736878266114,-28.833704424149527,-0.17716804010437737,0.0,901.0661709229902,900.342589656984,900.1926773421924,0.3710408708053534
4.559999999999991,-52.657824565444905,17.060049436059018,0.0,3.3378763695915747,0.3955280488489521,0.0,-46.69192249882964,3.100609225724541,-25.01940700337813,-28.826066172894674,-0.19982799722260794,0.0,900.9536710074841,900.0224465884489,899.8950014882763,-0.030200220111025633
4.6199999999999894,-55.47691050222298,17.243226709634087,0.0,1.6084450643013684,0.3833993716786601,0.0,-47.48862387886143,2.6277710967519026,-23.34450860375807,-28.822505549295826,-0.2072266275702241,0.0,900.9688666742893,900.652000197177,900.2541348017643,-0.46196807200582163
4.679999999999988,-58.42137867722946,17.40251255297158,0.0,6.162249951745901,0.3711219638287844,0.0,-51.05099566800169,2.7147136275341186,-23.181650651706875,-28.825979143745112,-0.19983918373497753,0.0,900.9429708105962,901.222197075689,899.8433498586628,-0.5444204569688589
4.739999999999987,-61.6254930601934,17.557687390956303,0.0,4.432650524264734,0.35919100671654647,0.0,-55.664080277535795,2.356761288373725,-23.694460194599216,-28.827702816055183,-0.1969795519202514,0.0,900.8764270356323,900.9737483540009,899.7926597052592,-0.7461107411978333
4.799999999999986,-65.05197462222476,17.734462595321748,0.0,2.7033133009929546,0.3474458562003324,0.0,-58.16977566561686,3.467749935367661,-22.73296822955907,-28.811838125336536,-0.19340917571737368,0.0,900.8211991501222,900.9495678349354,899.6070416907663,-0.8050527856415133
4.859999999999984,-68.61759702176896,17.90044627099465,0.0,0.9748591131299209,0.33593646815961,0.0,-61.19172108852844,2.2364911837529715,-21.566658858416115,-28.80611877685631,-0.18882940191160857,0.0,900.7320815885546,900.9020299760573,899.4974717900639,-0.6849134688777151
4.919999999999983,-72.46362133458541,18.03059256757656,0.0,5.52957163550991,0.32492190370558927,0.0,-67.30717373784493,2.143312590024697,-21.928764976527617,-28.810693768762196,-0.17473650927186474,0.0,900.3259163783628,900.8818639643525,899.3236349660671,-0.575234817632564
4.979999999999982,-76.69956492491671,18.16750532846505,0.0,3.800782153490351,0.31478309281887995,0.0,-73.62979286477793,2.8961253870022636,-22.825873389256298,-28.813438861652035,-0.1594358171850877,0.0,900.1768701897253,900.7844215724582,899.6062021706559,-0.42686388228626326
5.0399999999999805,-81.25676186044691,18.381653103886357,0.0,2.072458770756075,0.30550291293984255,0.0,-78.29211394122514,3.1748802661201045,-19.42389632611264,-28.794849514129588,-0.14653509379832172,0.0,900.3003280120109,900.8133863729274,899.2139701213309,-0.6003679560841895
5.099999999999979,-86.16257833946487,18.500940395472867,0.0,0.3448872826764937,0.2967471724281747,0.0,-85.92760974400905,1.1714035738284088,-19.405368440995613,-28.794884229464635,-0.14474434894532487,0.0,900.0385491646384,900.1029670691682,899.0623342361562,-0.7085136650142618
5.159999999999978,-91.64555970577865,18.570115235211883,0.0,4.900385009313553,0.28832337551587095,0.0,-97.1459193360751,1.4702243314724455,-21.219767450260143,-28.79445763011143,-0.13288263720091376,0.0,899.8919510143169,900.3645890473474,898.7189251493389,-0.7764179933715659
5.219999999999977,-97.82218131694322,18.76127830011827,0.0,3.172834529104854,0.28048853394604834,0.0,-108.574647593505,5.257268915150934,-19.933998210109593,-28.785341220360355,-0.1263394928755541,0.0,899.9857085566864,900.2445721640453,898.9448257724522,-0.3232000435864313
5.279999999999975,-104.70098757723368,19.017977094497137,0.0,1.4460362202780708,0.27287909696503476,0.0,-121.48390290776773,1.819896922309105,-14.283532783038234,-28.774653096084467,-0.12781003976005598,0.0,900.2051010003136,900.1398055009051,898.8589257032969,-0.08686367274535434
5.339999999999974,-112.56607367452753,18.98200748807046,0.0,6.002550136602732,0.2652949355274714,0.0,-142.00720753505152,-2.062484390729117,-17.852817024280245,-28.786498863606834,-0.12372872000780635,0.0,900.0064418598256,900.1660390758582,899.11510753342,0.07010990695959773
5.399999999999973,-121.91710125226294,18.976827795416757,0.0,4.27503878282957,0.2579433069638464,0.0,-170.7822046408554,3.794040523470523,-22.93265379766635,-28.79734814534743,-0.12022889537245104,0.0,899.8795837000557,900.0161013773147,899.6015598217311,0.15044328791999995
5.4599999999999715,-133.23273829642767,19.520565221939005,0.0,2.547406435966124,0.25089093481075686,0.0,-208.19421300770114,11.38095717037229,-9.61585315615914,-28.786069544286924,-0.11264568407350316,0.0,899.8873237219653,900.1900430690813,899.6189679794596,-0.01747995153327947
5.51999999999997,-147.36154040069653,19.674395095235436,0.0,0.820430789986915,0.24427268612126962,0.0,-267.8107481282467,-9.107353065739904,-2.1011854604238094,-28.780071289197817,-0.10599288411286889,0.0,899.9266791189167,900.1924421632635,899.6176534862552,-0.09917475433756087
5.579999999999969,-150.0,18.725965273728143,0.0,5.376815444289914,0.23835512308397533,0.0,-379.6970790465296,-14.641968048860836,-35.03956111306552,-28.777716932061864,-0.08693114077212792,0.0,899.6668060198517,900.4366246798082,899.6223777980427,-0.09427480903382586
5.639999999999968,-150.0,19.798060640515494,0.0,3.650495076090232,0.23348625887422436,0.0,-624.4401904985052,63.82444047866913,-34.89272005114552,-28.757415664074028,-0.07156167442811205,0.0,899.6364706641832,900.2587929540489,899.8317626161097,0.015001656681853728
5.699999999999966,-150.0,24.269741909437215,4.403600373809357,1.9262464571028577,0.22951387705121817,0.0,-1466.5102191406177,11.317046277493262,223.30848632810034,-28.708785924185786,-0.05722329171712101,0.0,899.6391714371343,900.2219763415314,900.1008803183137,0.1921985739456044
5.759999999999965,-150.0,-29.19272884955018,4.804355342351016,0.21261511094898022,0.2265252140975571,0.0,-14438.065691174344,-2998.662202397102,-1374.88941514259,-28.529195865952087,-0.03810650885837377,0.0,899.4471896658023,900.2314063284579,900.3053859957545,0.32471254655184467
5.819999999999964,-150.0,-150.0,300.0,5.9317425978747345,0.22443315964846633,0.0,-9844962064.720707,-5033144808.078908,2997959547.3184123,-22.84550354662195,-0.03208954856528734,0.0,899.6687113903399,900.0813506203583,900.1116981997013,0.5786969658441157
5.879999999999963,150.0,150.0,300.0,5.206891956895774,0.22253223287639567,0.0,1.9736685097340327e+56,3.292741536525589e+56,8.768739443289362e+56,-20.800750214661505,-0.02512756881086714,0.0,899.3053388211654,900.1491055457457,900.1608941748572,0.1606412358348399
5.939999999999961,nan,nan,300.0,3.7386104161451232,0.22115923774351476,0.0,nan,nan,inf,-19.024567452653322,-0.019256272541934433,0.0,899.3660484926742,900.0781580389186,899.6831949270946,0.38806352416292367
5.99999999999996,nan,nan,nan,2.795831887786978,0.9496768096648989,0.0,nan,nan,nan,-20.171600457021505,2.0137251001684477,0.0,740.530959961848,834.9813864470726,677.3592357907734,80.19388920445766
6.059999999999959,nan,nan,nan,1.6412678419277693,1.736641849673532,0.0,nan,nan,nan,-20.81236821911847,3.952538136897989,0.0,740.7254177638013,834.938104857058,677.5493803885499,80.11623542654101
6.1199999999999575,nan,nan,nan,0.4052717545948905,2.527967701242021,0.0,nan,nan,nan,-21.159389131805458,5.714417280182268,0.0,740.4451869480419,834.8944818812699,677.4909048012834,79.98325825441977
6.179999999999956,nan,nan,nan,5.4206560948007,3.289032910369505,0.0,nan,nan,nan,-21.346977656711733,7.235806052561519,0.0,740.3442585580835,834.8929126973882,677.6044647424453,79.94572883393407
6.239999999999955,nan,nan,nan,4.139243515595471,4.015656047903477,0.0,nan,nan,nan,-21.444282405647257,8.497163085414606,0.0,739.9258537208465,834.7995133385488,677.4200467272943,79.71115158667546
6.299999999999954,nan,nan,nan,2.8519234008676886,4.71445541979843,0.0,nan,nan,nan,-21.487238209675816,9.498455052532538,0.0,739.6576481183894,834.4999147902633,676.8958192825268,80.02334075109648
6.359999999999952,nan,nan,nan,1.5623111323171361,5.3980930837928796,0.0,nan,nan,nan,-21.50663532077169,10.261386843778181,0.0,739.918663124525,834.2954452643298,676.700273552638,80.20233116334893
6.419999999999951,nan,nan,nan,0.2718066232391463,6.082295647926646,0.0,nan,nan,nan,-21.51147409046976,10.840175407701937,0.0,739.2587358781386,833.9145195533745,676.4432594632419,81.0211079995019
6.47999999999995,nan,nan,nan,5.26440898199478,0.48845575206224456,0.0,nan,nan,nan,-21.507001127638183,11.2623301414521,0.0,738.8386150794041,833.2567462772616,676.0690716099069,81.74481429584766
6.5399999999999485,nan,nan,nan,3.974217082765886,1.1868133837721881,0.0,nan,nan,nan,-21.49765782510254,11.571041161826317,0.0,738.6676489249779,833.1364822051062,675.6810880231748,82.32577730887881
6.599999999999947,nan,nan,nan,2.684512409103462,1.894795870271814,0.0,nan,nan,nan,-21.49118807363445,11.799997462297732,0.0,738.2520903361398,833.053935562384,675.6730840126128,83.08429962673058
6.659999999999946,nan,nan,nan,nan,nan,0.0,nan,nan,nan,nan,nan,0.0,nan,nan,nan,nan
6.719999999999945,nan,nan,nan,nan,nan,0.0,nan,nan,nan,nan,nan,0.0,nan,nan,nan,nan
6.779999999999943,nan,nan,nan,nan,nan,0.0,nan,nan,nan,nan,nan,0.0,nan,nan,nan,nan
6.839999999999942,nan,nan,nan,nan,nan,0.0,nan,nan,nan,nan,nan,0.0,nan,nan,nan,nan
6.899999999999941,nan,nan,nan,nan,nan,0.0,nan,nan,nan,nan,nan,0.0,nan,nan,nan,nan
6.95999999999994,nan,nan,nan,nan,nan,0.0,nan,nan,nan,nan,nan,0.0,nan,nan,nan,nan
7.019999999999938,nan,nan,nan,nan,nan,0.0,nan,nan,nan,nan,nan,0.0,nan,nan,nan,nan
7.079999999999937,nan,nan,nan,nan,nan,0.0,nan,nan,nan,nan,nan,0.0,nan,nan,nan,nan
7.139999999999936,nan,nan,nan,nan,nan,0.0,nan,nan,nan,nan,nan,0.0,nan,nan,nan,nan
7.1999999999999345,nan,nan,nan,nan,nan,0.0,nan,nan,nan,nan,nan,0.0,nan,nan,nan,nan
7.259999999999933,nan,nan,nan,nan,nan,0.0,nan,nan,nan,nan,nan,0.0,nan,nan,nan,nan
7.319999999999932,nan,nan,nan,nan,nan,0.0,nan,nan,nan,nan,nan,0.0,nan,nan,nan,nan
7.379999999999931,nan,nan,nan,nan,nan,0.0,nan,nan,nan,nan,nan,0.0,nan,nan,nan,nan
7.439999999999929,nan,nan,nan,nan,nan,0.0,nan,nan,nan,nan,nan,0.0,nan,nan,nan,nan
7.499999999999928,nan,nan,nan,nan,nan,0.0,nan,nan,nan,nan,nan,0.0,nan,nan,nan,nan
7.559999999999927,nan,nan,nan,nan,nan,0.0,nan,nan,nan,nan,nan,0.0,nan,nan,nan,nan
7.6199999999999255,nan,nan,nan,nan,nan,0.0,nan,nan,nan,nan,nan,0.0,nan,nan,nan,nan
7.679999999999924,nan,nan,nan,nan,nan,0.0,nan,nan,nan,nan,nan,0.0,nan,nan,nan,nan
7.739999999999923,nan,nan,nan,nan,nan,0.0,nan,nan,nan,nan,nan,0.0,nan,nan,nan,nan
7.799999999999922,nan,nan,nan,nan,nan,0.0,nan,nan,nan,nan,nan,0.0,nan,nan,nan,nan
7.85999999999992,nan,nan,nan,nan,nan,0.0,nan,nan,nan,nan,nan,0.0,nan,nan,nan,nan
7.919999999999919,nan,nan,nan,nan,nan,0.0,nan,nan,nan,nan,nan,0.0,nan,nan,nan,nan
7.979999999999918,nan,nan,nan,nan,nan,0.0,nan,nan,nan,nan,nan,0.0,nan,nan,nan,nan
8.039999999999917,nan,nan,nan,nan,nan,0.0,nan,nan,nan,nan,nan,0.0,nan,nan,nan,nan
8.099999999999916,nan,nan,nan,nan,nan,0.0,nan,nan,nan,nan,nan,0.0,nan,nan,nan,nan
8.159999999999915,nan,nan,nan,nan,nan,0.0,nan,nan,nan,nan,nan,0.0,nan,nan,nan,nan
8.219999999999914,nan,nan,nan,nan,nan,0.0,nan,nan,nan,nan,nan,0.0,nan,nan,nan,nan
8.279999999999912,nan,nan,nan,nan,nan,0.0,nan,nan,nan,nan,nan,0.0,nan,nan,nan,nan
8.339999999999911,nan,nan,nan,nan,nan,0.0,nan,nan,nan,nan,nan,0.0,nan,nan,nan,nan
8.39999999999991,nan,nan,nan,nan,nan,0.0,nan,nan,nan,nan,nan,0.0,nan,nan,nan,nan
8.459999999999908,nan,nan,nan,nan,nan,0.0,nan,nan,nan,nan,nan,0.0,nan,nan,nan,nan
8.519999999999907,nan,nan,nan,nan,nan,0.0,nan,nan,nan,nan,nan,0.0,nan,nan,nan,nan
8.579999999999906,nan,nan,nan,nan,nan,0.0,nan,nan,nan,nan,nan,0.0,nan,nan,nan,nan
8.639999999999905,nan,nan,nan,nan,nan,0.0,nan,nan,nan,nan,nan,0.0,nan,nan,nan,nan
8.699999999999903,nan,nan,nan,nan,nan,0.0,nan,nan,nan,nan,nan,0.0,nan,nan,nan,nan
8.759999999999902,nan,nan,nan,nan,nan,0.0,nan,nan,nan,nan,nan,0.0,nan,nan,nan,nan
8.8199999999999,nan,nan,nan,nan,nan,0.0,nan,nan,nan,nan,nan,0.0,nan,nan,nan,nan
8.8799999999999,nan,nan,nan,nan,nan,0.0,nan,nan,nan,nan,nan,0.0,nan,nan,nan,nan
8.939999999999898,nan,nan,nan,nan,nan,0.0,nan,nan,nan,nan,nan,0.0,nan,nan,nan,nan
8.999999999999897,nan,nan,nan,nan,nan,0.0,nan,nan,nan,nan,nan,0.0,nan,nan,nan,nan
9.059999999999896,nan,nan,nan,nan,nan,0.0,nan,nan,nan,nan,nan,0.0,nan,nan,nan,nan
9.119999999999894,nan,nan,nan,nan,nan,0.0,nan,nan,nan,nan,nan,0.0,nan,nan,nan,nan
9.179999999999893,nan,nan,nan,nan,nan,0.0,nan,nan,nan,nan,nan,0.0,nan,nan,nan,nan
9.239999999999892,nan,nan,nan,nan,nan,0.0,nan,nan,nan,nan,nan,0.0,nan,nan,nan,nan
9.29999999999989,nan,nan,nan,nan,nan,0.0,nan,nan,nan,nan,nan,0.0,nan,nan,nan,nan
9.35999999999989,nan,nan,nan,nan,nan,0.0,nan,nan,nan,nan,nan,0.0,nan,nan,nan,nan
9.419999999999888,nan,nan,nan,nan,nan,0.0,nan,nan,nan,nan,nan,0.0,nan,nan,nan,nan
9.479999999999887,nan,nan,nan,nan,nan,0.0,nan,nan,nan,nan,nan,0.0,nan,nan,nan,nan
9.539999999999885,nan,nan,nan,nan,nan,0.0,nan,nan,nan,nan,nan,0.0,nan,nan,nan,nan
9.599999999999884,nan,nan,nan,nan,nan,0.0,nan,nan,nan,nan,nan,0.0,nan,nan,nan,nan
9.659999999999883,nan,nan,nan,nan,nan,0.0,nan,nan,nan,nan,nan,0.0,nan,nan,nan,nan
9.719999999999882,nan,nan,nan,nan,nan,0.0,nan,nan,nan,nan,nan,0.0,nan,nan,nan,nan
9.77999999999988,nan,nan,nan,nan,nan,0.0,nan,nan,nan,nan,nan,0.0,nan,nan,nan,nan
9.839999999999879,nan,nan,nan,nan,nan,0.0,nan,nan,nan,nan,nan,0.0,nan,nan,nan,nan
9.899999999999878,nan,nan,nan,nan,nan,0.0,nan,nan,nan,nan,nan,0.0,nan,nan,nan,nan
9.959999999999877,nan,nan,nan,nan,nan,0.0,nan,nan,nan,nan,nan,0.0,nan,nan,nan,nan
10.019999999999875,nan,nan,nan,nan,nan,0.0,nan,nan,nan,nan,nan,0.0,nan,nan,nan,nan
10.079999999999874,nan,nan,nan,nan,nan,0.0,nan,nan,nan,nan,nan,0.0,nan,nan,nan,nan
10.139999999999873,nan,nan,nan,nan,nan,0.0,nan,nan,nan,nan,nan,0.0,nan,nan,nan,nan
10.199999999999871,nan,nan,nan,nan,nan,0.0,nan,nan,nan,nan,nan,0.0,nan,nan,nan,nan
10.25999999999987,nan,nan,nan,nan,nan,0.0,nan,nan,nan,nan,nan,0.0,nan,nan,nan,nan
10.319999999999869,nan,nan,nan,nan,nan,0.0,nan,nan,nan,nan,nan,0.0,nan,nan,nan,nan
10.379999999999868,nan,nan,nan,nan,nan,0.0,nan,nan,nan,nan,nan,0.0,nan,nan,nan,nan
10.439999999999866,nan,nan,nan,nan,nan,0.0,nan,nan,nan,nan,nan,0.0,nan,nan,nan,nan
10.499999999999865,nan,nan,nan,nan,nan,0.0,nan,nan,nan,nan,nan,0.0,nan,nan,nan,nan
10.559999999999864,nan,nan,nan,nan,nan,0.0,nan,nan,nan,nan,nan,0.0,nan,nan,nan,nan
10.619999999999862,nan,nan,nan,nan,nan,0.0,nan,nan,nan,nan,nan,0.0,nan,nan,nan,nan
10.679999999999861,nan,nan,nan,nan,nan,0.0,nan,nan,nan,nan,nan,0.0,nan,nan,nan,nan
10.73999999999986,nan,nan,nan,nan,nan,0.0,nan,nan,nan,nan,nan,0.0,nan,nan,nan,nan
10.799999999999859,nan,nan,nan,nan,nan,0.0,nan,nan,nan,nan,nan,0.0,nan,nan,nan,nan
10.859999999999857,nan,nan,nan,nan,nan,0.0,nan,nan,nan,nan,nan,0.0,nan,nan,nan,nan
10.919999999999856,nan,nan,nan,nan,nan,0.0,nan,nan,nan,nan,nan,0.0,nan,nan,nan,nan
10.979999999999855,nan,nan,nan,nan,nan,0.0,nan,nan,nan,nan,nan,0.0,nan,nan,nan,nan
11.039999999999853,nan,nan,nan,nan,nan,0.0,nan,nan,nan,nan,nan,0.0,nan,nan,nan,nan
11.099999999999852,nan,nan,nan,nan,nan,0.0,nan,nan,nan,nan,nan,0.0,nan,nan,nan,nan
11.159999999999851,nan,nan,nan,nan,nan,0.0,nan,nan,nan,nan,nan,0.0,nan,nan,nan,nan
11.21999999999985,nan,nan,nan,nan,nan,0.0,nan,nan,nan,nan,nan,0.0,nan,nan,nan,nan
11.279999999999848,nan,nan,nan,nan,nan,0.0,nan,nan,nan,nan,nan,0.0,nan,nan,nan,nan
11.339999999999847,nan,nan,nan,nan,nan,0.0,nan,nan,nan,nan,nan,0.0,nan,nan,nan,nan
11.399999999999846,nan,nan,nan,nan,nan,0.0,nan,nan,nan,nan,nan,0.0,nan,nan,nan,nan
11.459999999999845,nan,nan,nan,nan,nan,0.0,nan,nan,nan,nan,nan,0.0,nan,nan,nan,nan
11.519999999999843,nan,nan,nan,nan,nan,0.0,nan,nan,nan,nan,nan,0.0,nan,nan,nan,nan
11.579999999999842,nan,nan,nan,nan,nan,0.0,nan,nan,nan,nan,nan,0.0,nan,nan,nan,nan
11.63999999999984,nan,nan,nan,nan,nan,0.0,nan,nan,nan,nan,nan,0.0,nan,nan,nan,nan
11.69999999999984,nan,nan,nan,nan,nan,0.0,nan,nan,nan,nan,nan,0.0,nan,nan,nan,nan
11.759999999999838,nan,nan,nan,nan,nan,0.0,nan,nan,nan,nan,nan,0.0,nan,nan,nan,nan
11.819999999999837,nan,nan,nan,nan,nan,0.0,nan,nan,nan,nan,nan,0.0,nan,nan,nan,nan
11.879999999999836,nan,nan,nan,nan,nan,0.0,nan,nan,nan,nan,nan,0.0,nan,nan,nan,nan
11.939999999999834,nan,nan,nan,nan,nan,0.0,nan,nan,nan,nan,nan,0.0,nan,nan,nan,nan
11.999999999999833,nan,nan,nan,nan,nan,0.0,nan,nan,nan,nan,nan,0.0,nan,nan,nan,nan
12.059999999999832,nan,nan,nan,nan,nan,0.0,nan,nan,nan,nan,nan,0.0,nan,nan,nan,nan
12.11999999999983,nan,nan,nan,nan,nan,0.0,nan,nan,nan,nan,nan,0.0,nan,nan,nan,nan
12.17999999999983,nan,nan,nan,nan,nan,0.0,nan,nan,nan,nan,nan,0.0,nan,nan,nan,nan
12.239999999999828,nan,nan,nan,nan,nan,0.0,nan,nan,nan,nan,nan,0.0,nan,nan,nan,nan
12.299999999999827,nan,nan,nan,nan,nan,0.0,nan,nan,nan,nan,nan,0.0,nan,nan,nan,nan
12.359999999999825,nan,nan,nan,nan,nan,0.0,nan,nan,nan,nan,nan,0.0,nan,nan,nan,nan
12.419999999999824,nan,nan,nan,nan,nan,0.0,nan,nan,nan,nan,nan,0.0,nan,nan,nan,nan
12.479999999999823,nan,nan,nan,nan,nan,0.0,nan,nan,nan,nan,nan,0.0,nan,nan,nan,nan
12.539999999999822,nan,nan,nan,nan,nan,0.0,nan,nan,nan,nan,nan,0.0,nan,nan,nan,nan
12.59999999999982,nan,nan,nan,nan,nan,0.0,nan,nan,nan,nan,nan,0.0,nan,nan,nan,nan
12.659999999999819,nan,nan,nan,nan,nan,0.0,nan,nan,nan,nan,nan,0.0,nan,nan,nan,nan
12.719999999999818,nan,nan,nan,nan,nan,0.0,nan,nan,nan,nan,nan,0.0,nan,nan,nan,nan
12.779999999999816,nan,nan,nan,nan,nan,0.0,nan,nan,nan,nan,nan,0.0,nan,nan,nan,nan
12.839999999999815,nan,nan,nan,nan,nan,0.0,nan,nan,nan,nan,nan,0.0,nan,nan,nan,nan
12.899999999999814,nan,nan,nan,nan,nan,0.0,nan,nan,nan,nan,nan,0.0,nan,nan,nan,nan
12.959999999999813,nan,nan,nan,nan,nan,0.0,nan,nan,nan,nan,nan,0.0,nan,nan,nan,nan
13.019999999999811,nan,nan,nan,nan,nan,0.0,nan,nan,nan,nan,nan,0.0,nan,nan,nan,nan
13.07999999999981,nan,nan,nan,nan,nan,0.0,nan,nan,nan,nan,nan,0.0,nan,nan,nan,nan
13.139999999999809,nan,nan,nan,nan,nan,0.0,nan,nan,nan,nan,nan,0.0,nan,nan,nan,nan
13.199999999999807,nan,nan,nan,nan,nan,0.0,nan,nan,nan,nan,nan,0.0,nan,nan,nan,nan
13.259999999999806,nan,nan,nan,nan,nan,0.0,nan,nan,nan,nan,nan,0.0,nan,nan,nan,nan
13.319999999999805,nan,nan,nan,nan,nan,0.0,nan,nan,nan,nan,nan,0.0,nan,nan,nan,nan
13.379999999999804,nan,nan,nan,nan,nan,0.0,nan,nan,nan,nan,nan,0.0,nan,nan,nan,nan
13.439999999999802,nan,nan,nan,nan,nan,0.0,nan,nan,nan,nan,nan,0.0,nan,nan,nan,nan
13.499999999999801,nan,nan,nan,nan,nan,0.0,nan,nan,nan,nan,nan,0.0,nan,nan,nan,nan
13.5599999999998,nan,nan,nan,nan,nan,0.0,nan,nan,nan,nan,nan,0.0,nan,nan,nan,nan
13.619999999999798,nan,nan,nan,nan,nan,0.0,nan,nan,nan,nan,nan,0.0,nan,nan,nan,nan
13.679999999999797,nan,nan,nan,nan,nan,0.0,nan,nan,nan,nan,nan,0.0,nan,nan,nan,nan
13.739999999999796,nan,nan,nan,nan,nan,0.0,nan,nan,nan,nan,nan,0.0,nan,nan,nan,nan
