time,x,y,z,phi,theta,psi,x_velocity,y_velocity,z_velocity,phi_velocity,theta_velocity,psi_velocity,rotor_speed1,rotor_speed2,rotor_speed3,rotor_speed4
0.06,-0.002891900808218798,0.011957385342720152,10.020579375060523,0.8980278538727209,5.60398075219798,0.0,-0.12065731833580498,0.6712468021861047,0.5312073690422079,10.81961378099879,-10.498850642598097,0.0,886.2521430303872,0.09850087999661933,0.1318141407786279,900.0666394816242
0.12000000000000001,0.020605409533079943,0.062048072230553065,10.051193281700343,2.783600862287088,4.538861450101027,0.0,0.23051193681872462,0.6653723735484254,0.3440011123575772,13.46908936371229,-19.048385011053497,0.0,899.2968326441356,0.2693766388297488,694.186479351731,900.0929666224863
0.18,0.06293773854847474,0.09243040765172726,10.036282248419214,4.318299815001776,1.572697059343171,0.0,0.27148412298352187,0.22388802168147412,-1.0879474128137818,11.325949437456874,-24.2166803370467,0.0,899.2788417357225,0.33247684899285035,899.5028787862091,900.1031951435232
0.23999999999999996,0.046137153701050475,0.1083839814527292,9.949812830052005,4.229280210214753,0.21084013706491955,0.0,-0.7314628168519673,0.486015922535397,-1.6891416287682612,19.623512903514808,-23.554733975509286,0.0,714.9232609510876,-0.025159314762407292,1.1127614184826264,900.2656980283862
0.3,-0.016181329271285863,0.08827663707901333,9.817045030165273,5.44316110306082,0.22685318944036492,0.0,-1.4460065040868326,-1.1483242617023497,-2.4222706648326087,19.09054843971932,-26.49359563229167,0.0,899.4056185498386,-0.14138262881340377,694.225067689225,900.1883842236724
0.36000000000000004,-0.09967602329839081,0.005868273358614394,9.660552881229336,4.999005870766652,1.5851589804653878,0.0,-1.3376079524700555,-1.5447012662152422,-3.0411875171891896,24.257739335704414,-19.25367669041618,0.0,156.68392679094313,-0.13255975652514448,0.7765419943453387,900.1963769829314
0.4200000000000001,-0.22306324919181358,-0.09012995795293574,9.474764220057065,0.8235159086716948,3.6612605807078324,0.0,-2.138398304150206,-1.254278435858624,-3.399402132130243,17.837990303139765,-23.66333613139172,0.0,900.0407700147936,246.53600387073263,900.4848221295632,899.9301459138364
0.48000000000000015,-0.3137433626273988,-0.20469658106491856,9.241840061466391,3.3761142265063064,3.6199806659122533,0.0,-0.8099770810548808,-2.410142022253032,-3.7666835458403627,14.815027678817408,-26.550325660558467,0.0,899.6780165602152,0.22931069840688897,870.5304881060858,900.2856017690948
0.5400000000000001,-0.346016962154282,-0.31691737594424807,9.039739132855926,5.334284210109189,2.3010704560177437,0.0,-0.6485003221113583,-0.9730041193347095,-3.4206612881301153,12.231426899605824,-27.871327579364436,0.0,900.1482529244989,0.12947012173878739,900.230785751332,900.1439321631077
0.6000000000000002,-0.4401894605517018,-0.3539028244745811,8.800885400318556,0.23872563945893788,0.6715236363401917,0.0,-2.5890444695843686,-0.5384960591329074,-4.19368577523331,10.52285365769036,-28.436809633801015,0.0,900.0996705177336,0.12319969582485596,896.2804448700828,900.1908774279094
0.6600000000000003,-0.6178158307115704,-0.3631361856003784,8.581313213008597,1.1406340749780615,5.2510102676828065,0.0,-2.812389347087841,0.46816794541389656,-3.210848968233102,9.187534422768397,-28.64187100549081,0.0,899.0663832131992,33.46775742571011,899.6635554362349,900.33167701792
0.7200000000000003,-0.7376345199961507,-0.32025159560463223,8.381246630249493,4.431969822855658,3.5321186097993778,0.0,-1.1964967034592433,0.8517111176791897,-3.332211282310825,13.16600277897551,-28.75907140044341,0.0,900.1660055326133,0.450626599310656,640.130823745015,900.1360073191775
0.7800000000000004,-0.8044066729246296,-0.21236841635659162,8.163137052811496,5.892837224770588,1.8058200660937764,0.0,-1.5430996172577718,2.5621941699947413,-4.299061139347772,11.103760430427553,-28.809070231069754,0.0,900.2594892200747,0.27257116944760235,899.9241000151318,900.0070432627161
0.8400000000000004,-0.9429925200006419,-0.052689977031410956,7.876167646547656,5.154483209051204,0.07700313503696776,0.0,-2.9393090198903056,2.5902464119703144,-5.438538907397493,16.423197046066207,-28.82164628386521,0.0,899.838951266254,-0.2592755109335004,505.4167992089377,900.088998458371
0.9000000000000005,-1.106092851671855,0.07082331718020236,7.5677692438268815,1.38375200069538,4.630601899013852,0.0,-2.0371774732604573,2.098728851220963,-4.863098650985999,13.352081094339354,-28.834999516970125,0.0,900.2723222876134,0.004953490958490098,897.286191409347,900.0883456514348
0.9600000000000005,-1.173144388175342,0.17672640392108793,7.267428555499332,2.736045366690286,2.9004610563158053,0.0,-0.5217896324564739,1.1554981980858101,-4.839061873187678,11.476829644203136,-28.83673136491843,0.0,900.0743013521554,0.018326752611508096,888.6699902374421,899.9436323104305
1.0200000000000005,-1.2277708133956622,0.24355511903573743,6.975662476278985,3.068632661743532,1.1704269336876791,0.0,-1.5742803979061453,1.1426218831710484,-5.20842489984309,17.343668104264342,-28.829967331332025,0.0,899.6788566646154,0.07246503849833616,446.50489596208047,899.7591548196441
1.0800000000000005,-1.3526490628211167,0.3151821570160304,6.645559591400539,3.870926245977195,5.7241843831795896,0.0,-2.3009752626588584,1.4988298419661157,-5.850264751438548,23.22913668507779,-28.81593318553661,0.0,899.0828254263884,-0.14112449157300364,73.08415962382526,899.709784920996
1.1400000000000006,-1.4604239135529518,0.38617919455996885,6.2630064514333785,0.7282963823524469,3.9952153221918465,0.0,-1.136260157638704,1.0489809334532643,-6.722759509685121,26.338092630151042,-28.816482211089593,0.0,899.4166959276052,-0.2668722561896706,25.858674400762187,899.7475450488404
1.2000000000000006,-1.5075498776163483,0.4204184148977064,5.83206779050993,2.7022260340915487,2.2662505381471476,0.0,-0.7724507129778506,-0.01945004792837124,-7.331947988137683,27.772525317910787,-28.81547932273818,0.0,899.3518083229397,-0.5294801088204422,0.03521688550353233,899.8423865595938
1.2600000000000007,-1.5917333650359435,0.41159107606042206,5.390159335862942,4.367844346683551,0.5371888224859935,0.0,-2.0830614525172586,-0.266457737695142,-7.708489924601892,27.72608023431005,-28.82129079019664,0.0,899.6810482095048,-0.35649674274707294,249.48653182816096,899.4827603442019
1.3200000000000007,-1.7257324178631617,0.3598744800771394,4.907380494016691,6.1186484786836,5.091138052230708,0.0,-2.046666976137931,-1.3832540836775689,-8.102901257916677,28.366428052052616,-28.819581588042762,0.0,899.464360331654,0.33141835531381375,6.5213583136579025,899.6423179024404
1.3800000000000008,-1.809355755197923,0.27153704212816765,4.409393605730703,1.5570852615535031,3.362260924247641,0.0,-0.7915016069077269,-1.7250307722131022,-8.73108475166951,28.639501761025993,-28.80809650312445,0.0,898.8934611327559,0.33215584536217124,-0.34605008734136283,899.8704280105546
1.4400000000000008,-1.8602207453598232,0.13235506438013947,3.8800797085849843,3.280542585849499,1.6335628279147842,0.0,-1.2228989189750323,-2.6726737436180117,-8.747129156640039,28.7546598397074,-28.817652335758392,0.0,899.6487461622334,0.4171214372806693,17.649478360382894,900.1516368149368
1.5000000000000009,-1.9720675485902357,-0.03522010029309261,3.33470671911688,5.007346392793215,6.187588527020494,0.0,-2.3238267652763795,-3.173543041283398,-9.570210130979946,28.801972589882027,-28.821994553826773,0.0,899.6710435570748,0.34492736441909144,18.79573096082282,900.1654078250161
1.560000000000001,-2.096458367562749,-0.2575611725661754,2.756925846510642,0.45289567816067233,4.459039586003058,0.0,-1.5645650653454535,-3.9421063420640268,-9.639511639800618,28.8241335651225,-28.795087283176816,0.0,898.1518474771984,0.37788415647749735,0.14096567379234176,900.1245295090256
1.620000000000001,-2.1448197183701594,-0.48619198738369074,2.1568863047956817,1.7246830564681925,2.7308953160862437,0.0,-0.4134603233754795,-3.7091789785280804,-10.64853209527313,22.981895170698596,-28.816996081855738,0.0,899.8964923443682,0.5416398365146943,739.8571238197458,900.042673773107
1.680000000000001,-2.2042539349879933,-0.7404320435350926,1.5186979961352396,4.232891452533366,1.001804088773718,0.0,-1.8264479750275853,-4.365726388174287,-10.682549807277285,20.351356619042715,-28.820054973265417,0.0,899.5829409403267,1.6192113252397133,728.288457747285,899.7873011918448
1.740000000000001,-2.344860488996161,-1.0363757892762986,0.8510667621849421,5.465140700477029,5.567935105417513,0.0,-2.476000743898673,-5.728730352070037,-11.373167049030522,20.02119907789231,-28.616654522110807,0.0,888.6936945634146,1.1461613123384748,659.7896593143993,899.6516334455563
1.8000000000000012,-2.4434318034398523,-1.396249080878412,0.17219969194445162,3.7345309174558654,3.8524394014993604,0.0,-0.6585462306056733,-6.008167549860668,-11.340795442942378,15.51766745342506,-28.569834209553385,0.0,890.6741492518734,0.7953434876388468,899.1038476202438,899.8019291866917
1.8600000000000012,-2.466037797298642,-1.740482926978809,0.0,5.940595806429101,2.6284653283588355,0.0,-0.4796372246621351,-5.800390408098219,-11.552077884091146,12.703920070523537,-19.970947881863033,0.0,1.7224302997574672,2.6107126184039062,899.8112822965087,899.9533931651981
1.9200000000000013,-2.5185129123065417,-2.0869073254852357,0.0,1.000824663420266,1.925137773732832,0.0,-1.3515929082153513,-5.946229516642374,-13.19031672225896,10.77938267766174,-18.33247221487665,0.0,495.9030221789736,4.637668428310943,899.9873137375766,900.1081040392683
1.9800000000000013,-2.6242032715600607,-2.467265819292025,0.0,1.7091737595428516,3.415393846278164,0.0,-1.9071394987944135,-6.886678785838829,-13.881677661895987,10.106611711015752,-14.489653709708238,0.0,0.036725504436020684,6.251672710138367,867.0872212359242,900.3777307674839
2.0400000000000014,-2.7231946379629575,-2.9150449934270375,0.0,2.550793632725048,3.702341875521306,0.0,-1.3185412304557151,-7.906346717978429,-13.671517017130057,8.856781846590227,-11.933723885889732,0.0,0.11746437851037742,80.13841840234542,899.9877876349063,899.9267462783627
2.1000000000000014,-2.7804347719794062,-3.39787526192383,0.0,3.2217203906553653,3.7206087538224004,0.0,-0.5952115546889202,-8.094639933472997,-13.240225124577044,7.878676139675396,-9.905218646440552,0.0,-0.004525076666930139,158.1393529882706,900.1017681762854,899.7893236859845
2.1600000000000015,-2.7972599631721686,-3.877633323896516,0.0,3.7809535468286644,3.6412174466334246,0.0,0.018745867059719312,-7.847164713305854,-13.043356193688167,7.094067755229512,-8.21390690380819,0.0,-0.23689478056340516,196.35252994665365,900.0819397808067,899.6578264806309
2.2200000000000015,-2.7818081223922655,-4.331246472668796,0.0,4.262132339393553,3.3878208426331646,0.0,0.4594770831737317,-7.201527152935465,-13.05844637652802,6.451868420736454,-7.078423560650303,0.0,-0.0743206727824394,151.91918765254388,900.1399364771273,899.7200482247296
2.2800000000000016,-2.747840307950419,-4.731519389286463,0.0,4.685115426659719,3.07086764861066,0.0,0.6211455148357116,-6.075041309516845,-13.45701462238612,5.9221413640825675,-6.335344103105627,0.0,-0.11708053525745019,93.63824186150677,900.0425826317809,899.8842785670878
2.3400000000000016,-2.716017160657632,-5.055799583187543,0.0,5.066243509661833,2.752926945167477,0.0,0.37001963803855625,-4.746392421106672,-14.455236379095215,5.462201401809044,-5.784155313503726,0.0,0.1100826107835649,57.82923079656291,900.165283935759,899.5353545655238
2.4000000000000017,-2.712430774676579,-5.308616671487299,0.0,5.412842695377593,2.4496408476092437,0.0,-0.30011212863940895,-3.759695755119413,-15.886713583305248,5.05847672380936,-5.330405289934442,0.0,-0.11951125162123799,46.86010315040793,900.57366829535,899.4716471741636
2.4600000000000017,-2.7566365707518012,-5.517737851353014,0.0,5.729138196032693,2.1645098555774602,0.0,-1.1924631953867437,-3.271322104525565,-17.349070105537127,4.71316969780948,-4.9321393515123235,0.0,-0.12444889411026065,52.45027667772694,899.9935727822849,899.1159019443925
2.520000000000002,-2.8579024454587847,-5.706994929473102,0.0,6.020474879163025,1.8974967828530023,0.0,-2.2026105008895325,-3.063051974581526,-18.7073805015241,4.417019948625137,-4.573011098505565,0.0,0.2680170475204953,60.47923692001257,899.9520703290412,899.3734376885325
2.580000000000002,-3.0248287048161386,-5.88818966580343,0.0,0.008763524646731469,1.6482491768273544,0.0,-3.3948732796386345,-2.9953722875926525,-19.997217433924636,4.149460840991929,-4.241594108374418,0.0,-0.001202806146198221,69.23751000258572,900.1353526153732,899.3354217271047
2.640000000000002,-3.26933696422349,-6.069399346470771,0.0,0.2629261291231977,1.9140454768109176,0.0,-4.685642902232106,-3.0738391357351516,-21.312951792810654,3.901195947290933,-2.535640668695026,0.0,0.21667746604513122,333.4105284103837,900.1427635283387,898.944461343481
2.700000000000002,-3.5769014779756483,-6.261552333529118,0.0,0.49841259077900535,1.7647924285487768,0.0,-5.598037320741049,-3.3648956916915655,-22.63496970610597,3.729207670944454,-2.451564677471573,0.0,0.4565471748860607,0.08811681060594434,898.1614913047565,899.1057289414637
2.760000000000002,-3.945729392711651,-6.477479075308291,0.0,0.7240280753061636,1.6203258388132857,0.0,-6.726596437931935,-3.855758272675704,-23.754262387667694,3.5457636620467134,-2.3729131367877545,0.0,-0.012020301951163666,-0.1649679816816656,899.5156077743655,899.2839718629056
2.820000000000002,-4.387807656792228,-6.725834344820645,0.0,0.9383732024565576,1.4803530360700146,0.0,-8.029629787946583,-4.420301010991137,-24.509607659248505,3.3690643044541098,-2.299176474926774,0.0,0.39162510265709416,0.13588300299820005,899.9608807537522,899.3052013751446
2.880000000000002,-4.911228690183495,-7.005523522148537,0.0,1.1411999811280165,1.3446067395151688,0.0,-9.424300919524969,-4.872392334087998,-24.8497251034145,3.219390475764158,-2.229906163104665,0.0,0.4051377906696034,-0.04751047126996877,899.8825706989488,899.7078387409002
2.940000000000002,-5.518674505046942,-7.304692187509418,0.0,1.3347732544990114,1.2128423090253992,0.0,-10.81695844800153,-5.050690403589734,-24.8461169322881,3.0795964295265223,-2.1647070463745823,0.0,0.10054568763039326,-0.08713856925092478,899.8807174984262,899.5952573285884
3.000000000000002,-6.207407394223932,-7.6040793972935825,0.0,1.5196580664759747,1.0848354191592673,0.0,-12.12208744541416,-4.875292008549591,-24.649421921549113,2.952339159127906,-2.1032272689836424,0.0,0.3483404066626986,-0.412373721178009,899.8144266724621,899.5840373437871
3.0600000000000023,-6.969913168381366,-7.882658828990064,0.0,1.6965304436163313,0.9603797176974389,0.0,-13.266284319221231,-4.367388761616313,-24.429067663743574,2.8453200806872747,-2.0451607159167473,0.0,0.12444592546087432,0.09001356275323297,899.3737388162078,899.577477489859
3.1200000000000023,-7.794734429649468,-8.1233738778842,0.0,1.866930174491161,0.8392851299150736,0.0,-14.19196773543833,-3.6338312502421344,-24.317180031620413,2.741880422611246,-1.9902279901094724,0.0,-0.03581846892409271,0.20754956801589192,899.3965527053437,899.4195535112955
3.1800000000000024,-8.667564877563121,-8.317235788750862,0.0,2.031096935060358,0.7213762679072797,0.0,-14.863439401329684,-2.830053961787309,-24.373798230611673,2.640452191068088,-1.9381813299218464,0.0,0.08781052205769646,-0.009272638034274194,899.5859459687571,899.3856420035785
3.2400000000000024,-9.572902747865733,-8.464790011273314,0.0,2.189062735102347,0.6064909466606432,0.0,-15.27817566771853,-2.1105622356508165,-24.579308580683573,2.548827916999136,-1.8887985224229404,0.0,0.11638716490221471,0.1592849400546608,899.4995598117337,899.4160055285394
3.3000000000000025,-10.496303459832584,-8.574561556965328,0.0,2.341397466159698,0.4944788989465856,0.0,-15.474015333052355,-1.5811967599339931,-24.85834440703658,2.476191883322473,-1.8418800602597116,0.0,-0.18005154847629376,0.14927919689783672,899.2121569569863,899.6628081943193
3.3600000000000025,-11.426668676923091,-8.659312510607721,0.0,2.4893735841236033,0.3852006574174025,0.0,-15.522827301328237,-1.2762626168508462,-25.12265451456748,2.4038323337044285,-1.7972455687709386,0.0,-0.2590264879905057,0.254168905449132,899.2661897157531,899.5341610200069
3.4200000000000026,-12.357839372310075,-8.731813620561496,0.0,2.632989941168603,0.27852661505739995,0.0,-15.514831914440535,-1.1641047637124196,-25.311643758836844,2.33850751475268,-1.7547304898630542,0.0,0.18952772105928,0.06256062431393206,898.7867759430263,899.1583239201229
3.4800000000000026,-13.289162691702591,-8.801539070748655,0.0,2.772737250456556,0.1743362240810855,0.0,-15.540244245791934,-1.171680742364284,-25.419747644208265,2.295590237324056,-1.7141839068958558,0.0,0.3891007728762238,-0.5382371594803768,898.1357608721394,899.2701063460909
3.5400000000000027,-14.22486208171068,-8.873361627899747,0.0,2.912639165697181,0.07251690751743123,0.0,-15.66932810082653,-1.2235952480042303,-25.48999534527357,2.36398202722278,-1.6754785341879694,0.0,0.15058379803067815,-0.24583558662661453,893.6192330024371,899.2693824134991
3.6000000000000028,-15.17250626726868,-8.948289734311855,0.0,3.210396038094707,6.256148737395774,0.0,-15.943122506223702,-1.2630917152540184,-25.534216808209,3.271999024721753,-1.6384888412970762,0.0,-0.16622869319186037,-0.2676828004357726,857.7837755661237,899.3874867797982
3.660000000000003,-16.141438348521103,-9.02300584678947,0.0,3.407065318547126,6.158762801529669,0.0,-16.375738640423386,-1.22152129429078,-25.8496012750013,3.1345127374184454,-1.6031010379812964,0.0,0.002808783757491086,-0.41396746363403325,899.4160336080888,899.4071978601037
3.720000000000003,-17.139918542419345,-9.095074534765342,0.0,3.594521817333799,6.063452347869841,0.0,-16.91726618385837,-1.1910994711901202,-26.55827413788245,3.06650912713063,-1.5692141475758152,0.0,0.09292226027106103,-0.4537702900964915,896.8719613197338,899.2935257100481
3.780000000000003,-18.172077657358106,-9.168386674442631,0.0,3.829657900850206,5.970130902271384,0.0,-17.479710038748717,-1.2852998719576334,-27.717152341651694,3.5625523807495783,-1.5367374901486943,0.0,0.1366681039819791,-0.1151457624358232,873.8216208370975,899.8906396606782
3.840000000000003,-19.23226158788929,-9.2581247801965,0.0,0.4900766111781749,5.878717235478904,0.0,-17.8655917286631,-1.6036775752970274,-29.290689577040922,7.545703714303176,-1.5055825962145002,0.0,0.13973196053068815,0.0022985101391496815,703.4436774976716,899.9198968806529
3.900000000000003,-20.32102997327582,-9.380116846580668,0.0,1.0109926989484874,5.789134955525556,0.0,-18.37837940341795,-2.4838449075204485,-30.41109813204367,6.841548831530208,-1.4756724868903042,0.0,0.4538724341009274,0.027813355844413853,899.5692662990106,899.9399069191179
3.960000000000003,-21.445575696472606,-9.563263407052906,0.0,4.548958186704102,5.701312170372045,0.0,-19.34104477645848,-3.4230319484865217,-31.7959269651377,16.45256588415843,-1.4469310787767908,0.0,0.4202559826293757,-0.09834614297201469,0.0437008475083811,899.8584585390442
4.020000000000002,-22.609317533536657,-9.774521778197501,0.0,6.209559072697298,5.615181019103455,0.0,-19.482658240954773,-3.593825140455635,-32.87709254544837,22.777290436655097,-1.4192970081059597,0.0,0.7890019816399402,-0.23631885498691516,0.21612007057457444,899.478680441136
4.080000000000001,-23.82023692405197,-9.98970111173534,0.0,3.3103009457203,5.53067756716743,0.0,-20.515991632838137,-3.276944737255106,-34.08723882796793,26.125406123432292,-1.3926982812166737,0.0,0.6173562620910407,-0.1367819261854305,0.19594660923290746,899.6297507909904
4.14,-25.075978306059827,-10.198503474783312,0.0,5.333814570492725,5.447741736791919,0.0,-21.098718921929418,-3.726328515786968,-36.312075354995294,27.67478283726571,-1.3670781755942294,0.0,0.3766496448491772,-0.020125157786393094,-0.4197146645744472,899.6345388256141
4.199999999999998,-26.400499665298184,-10.41917651662539,0.0,0.8076547990121696,5.366316337532769,0.0,-23.576586057787164,-3.7709975065149726,-38.970583347995756,28.35165472022685,-1.3423927763796335,0.0,0.7342105031463944,-0.1363420529781889,0.061319237582672326,899.9851800927238
4.259999999999997,-27.871206909030356,-10.685060882456586,0.0,2.5292170395627203,5.286347284899044,0.0,-24.929713282645853,-4.366313138899574,-38.66867009458452,28.631559978817652,-1.3185820893803268,0.0,0.5100437720943949,-0.37230121661687265,0.18902130122186867,899.7751851925723
4.319999999999996,-29.386878526691184,-10.917542230472192,0.0,4.252500612430737,5.2077835281418885,0.0,-25.641352513546135,-4.023551462019372,-41.41220536538215,28.751373948297747,-1.2956040678365368,0.0,0.5414721859638981,-0.2582631069460005,0.08353793629442588,899.9838967336353
4.379999999999995,-30.94825249842533,-11.167823984363618,0.0,5.979237948564791,5.130576573545747,0.0,-26.86991091177163,-4.299437968911379,-44.18112880054448,28.801844677949372,-1.2734141226075164,0.0,0.4141747613440191,-0.028900779903869855,0.24307779082715095,900.044734430296
4.439999999999993,-32.692304219980215,-11.43565401884436,0.0,1.424749634794133,5.0546804977837,0.0,-31.17574661146984,-4.937564212038305,-45.16631121640968,28.823057112555002,-1.25197019763403,0.0,0.1559075610712976,0.324878285421865,0.5106619708701698,900.0705209033873
4.499999999999992,-34.62057624038375,-11.732438675717184,0.0,3.15436877041018,4.980051757574845,0.0,-32.85398364888258,-4.234023604515907,-44.65403167140057,28.832289300985863,-1.231234348428927,0.0,-0.017738523419738916,0.6181048188860021,0.4809212517438674,900.0985095753588
4.559999999999991,-36.635342043867574,-11.996231863118696,0.0,4.8843736934092945,4.906648884220342,0.0,-34.399821097642466,-4.515167013350258,-48.07529251340208,28.83505912980302,-1.2111751387551373,0.0,0.11553355290961026,0.6681208433896504,0.03985285959140017,900.0446277911504
4.6199999999999894,-38.80128783444376,-12.284901450519735,0.0,0.3312862417026423,4.8344321938308745,0.0,-38.310666787390964,-5.273373626129762,-49.71955143428184,28.834820589862204,-1.1917641235468521,0.0,0.07641231550923747,0.4209244437997109,0.04722046916768285,899.9719285929367
4.679999999999988,-41.250272351096086,-12.599735208265281,0.0,2.061283751146055,4.763363782154059,0.0,-43.16276315143706,-5.449729439668935,-48.02657330256266,28.830868296966187,-1.1729693811315196,0.0,0.27653583267232507,0.2690581813050562,-0.38887798378961824,899.7679923569054
4.739999999999987,-43.98259188284872,-12.882726507162323,0.0,3.791074816795625,4.693407577432646,0.0,-48.13685400494739,-4.380567852394659,-49.35412818959306,28.828265155049955,-1.1547613818897469,0.0,0.3537871759225667,-0.22785537767179342,-0.3397894936162538,899.7160080758133
4.799999999999986,-47.06761330462856,-13.159807099779048,0.0,5.5207792089145435,4.624529208350019,0.0,-54.89835819504406,-5.015772117619692,-52.849653177283756,28.82861909854942,-1.1371126567203673,0.0,0.4599516605251225,-0.4439584178844528,-0.3858996634552345,899.7912243967985
4.859999999999984,-50.56251444826841,-13.524914821330741,0.0,0.9672261089579406,4.556695952791877,0.0,-61.53484048651943,-5.982353474667173,-49.939252665027254,28.8249674495507,-1.11999508732246,0.0,0.30679036733201803,-0.6281463492733805,-0.5037126763825154,899.5903128018971
4.919999999999983,-54.53368324894494,-13.81686457030077,0.0,2.6966439172506185,4.4898765614679945,0.0,-72.0958241870109,-3.3536319032675417,-47.979935965288355,28.821523194752547,-1.1033883075428728,0.0,0.47536225471236787,-0.5281336199180653,-0.3686194615045222,899.4872982999057
4.979999999999982,-59.43215352796452,-13.992075744378269,0.0,4.425960095911318,4.424041106787433,0.0,-92.57260220339455,-3.85088798127691,-54.01413537107984,28.82255235758343,-1.0872676225613227,0.0,0.4395642061644305,-0.5731087244251662,-0.06808993675029207,899.6165327075513
5.0399999999999805,-65.68127696412914,-14.463079192087081,0.0,6.155151023552277,4.359161008769494,0.0,-114.73037620112825,-12.948370302466685,-53.848399667677434,28.815387440617847,-1.0716131423115447,0.0,0.49888037679817193,-0.8186979794878972,0.36716288355256715,899.2150347466223
5.099999999999979,-73.14441587165199,-15.148603145100376,0.0,1.6009923624989701,4.295208930792434,0.0,-135.8698608066436,-5.659127775751683,-38.91669869706665,28.81958351172167,-1.0564026168258474,0.0,0.365204771541733,-0.4060551073684243,0.26001685439334454,899.5926698374623
5.159999999999978,-82.70354608067407,-14.840118197004108,0.0,3.330356601935515,4.232158715685561,0.0,-190.71523118355236,14.292888966541618,-55.68451293039159,28.82708500120312,-1.0416196007772345,0.0,0.43166403263216524,-0.34737318737746475,0.15715127904799717,899.898467384971
5.219999999999977,-97.36161284081727,-14.899515601377734,0.0,5.060136814228526,4.169985263565371,0.0,-307.06883588956913,-34.7414971132516,-102.39163399471704,28.83328996892925,-1.0272445267638821,0.0,0.3262143030875714,-0.34442375464769776,-0.1121128544279422,900.0639332982234
5.279999999999975,-120.77022320712673,-20.534436111252617,0.0,0.5071195703097473,4.108664485849593,0.0,-485.20685151268077,-132.4341362025225,33.97159682706283,28.84008837655832,-1.013264063929387,0.0,0.5263378354494223,-0.18965735222784624,-0.21699299298602365,900.2889336872922
5.339999999999974,-150.0,-19.159342821335105,9.834183227315657,2.2377572704785393,4.048173281521315,0.0,-948.3887853799242,323.2750814563028,224.5978762360257,28.84919763034375,-0.9996570482208681,0.0,0.2503698787687118,-0.45857745384168463,-0.13465348474117383,900.6232442401811
5.399999999999973,-150.0,39.444407257665375,0.0,3.968773055447345,3.9884894982307646,0.0,-6033.63118070089,1410.740487346568,-4898.652379281152,28.85182082594894,-0.9864150762755803,0.0,0.5733426551641032,-0.3434817229957228,0.061677510993363355,900.56454742886
5.4599999999999715,-150.0,-150.0,0.0,5.69995459692665,4.03183431394875,0.0,-1153598130.7480047,-51854144.806227274,-64969194.29025514,28.854780018812157,-11.705125436472034,0.0,900.3322462131397,-0.32351491389014453,0.29136333576411655,900.6642222030117
5.51999999999997,-150.0,150.0,300.0,1.1476651408897913,3.8248987889270776,0.0,-1.1263719846032975e+50,4.577589937371931e+49,1.138757393543079e+50,28.835759615957485,-10.04985693813049,0.0,0.1789157325465478,-0.09355120836688025,47.13003225367058,900.827565547218
5.579999999999969,nan,150.0,nan,2.8782759482964266,3.5047218964267426,0.0,nan,inf,nan,28.853022742661004,-8.812385631549919,0.0,0.29634706332943306,-0.25092758715799757,0.027109890529295314,900.9192453500063
5.639999999999968,nan,nan,nan,0.28098499577857794,1.636310450917077,0.0,nan,nan,nan,25.445829362812376,-14.304258186779792,0.0,775.4478249191892,293.2224102788137,399.58145128845956,805.997585448269
5.699999999999966,nan,nan,nan,2.182520504912551,3.0965916982091244,0.0,nan,nan,nan,23.907586480338345,-18.07198307886234,0.0,775.7074314673558,293.96449046345856,400.23730992920315,806.1267858132945
5.759999999999965,nan,nan,nan,3.696485294852506,2.848339248371296,0.0,nan,nan,nan,23.159058086766212,-20.35375810186069,0.0,776.1108170985541,294.5703029137866,400.9188408345091,806.0444539230592
5.819999999999964,nan,nan,nan,5.102588268711809,1.8790656406889745,0.0,nan,nan,nan,22.77527745311157,-21.634644635451846,0.0,776.6699657476155,294.5179424431721,402.33850995627165,806.0945366373473
5.879999999999963,nan,nan,nan,0.18866774870877379,0.6451599404956374,0.0,nan,nan,nan,22.565713246885448,-22.315908779331426,0.0,777.1808170252021,295.58782456557105,403.80756666041606,805.9470613227082
5.939999999999961,nan,nan,nan,1.5426014894264481,5.6028730780551435,0.0,nan,nan,nan,22.43274013679113,-22.67027285875585,0.0,777.6718533353388,296.4948192624365,406.076122997671,805.6239741410631
5.99999999999996,nan,nan,nan,2.887856803493058,4.24417318089878,0.0,nan,nan,nan,22.34808928570262,-22.852133122748327,0.0,778.1103869420623,297.4290563669035,407.54255876797816,805.4402589070206
6.059999999999959,nan,nan,nan,nan,nan,0.0,nan,nan,nan,nan,nan,0.0,nan,nan,nan,nan
6.1199999999999575,nan,nan,nan,nan,nan,0.0,nan,nan,nan,nan,nan,0.0,nan,nan,nan,nan
6.179999999999956,nan,nan,nan,nan,nan,0.0,nan,nan,nan,nan,nan,0.0,nan,nan,nan,nan
6.239999999999955,nan,nan,nan,nan,nan,0.0,nan,nan,nan,nan,nan,0.0,nan,nan,nan,nan
6.299999999999954,nan,nan,nan,nan,nan,0.0,nan,nan,nan,nan,nan,0.0,nan,nan,nan,nan
6.359999999999952,nan,nan,nan,nan,nan,0.0,nan,nan,nan,nan,nan,0.0,nan,nan,nan,nan
6.419999999999951,nan,nan,nan,nan,nan,0.0,nan,nan,nan,nan,nan,0.0,nan,nan,nan,nan
6.47999999999995,nan,nan,nan,nan,nan,0.0,nan,nan,nan,nan,nan,0.0,nan,nan,nan,nan
6.5399999999999485,nan,nan,nan,nan,nan,0.0,nan,nan,nan,nan,nan,0.0,nan,nan,nan,nan
6.599999999999947,nan,nan,nan,nan,nan,0.0,nan,nan,nan,nan,nan,0.0,nan,nan,nan,nan
6.659999999999946,nan,nan,nan,nan,nan,0.0,nan,nan,nan,nan,nan,0.0,nan,nan,nan,nan
6.719999999999945,nan,nan,nan,nan,nan,0.0,nan,nan,nan,nan,nan,0.0,nan,nan,nan,nan
6.779999999999943,nan,nan,nan,nan,nan,0.0,nan,nan,nan,nan,nan,0.0,nan,nan,nan,nan
6.839999999999942,nan,nan,nan,nan,nan,0.0,nan,nan,nan,nan,nan,0.0,nan,nan,nan,nan
6.899999999999941,nan,nan,nan,nan,nan,0.0,nan,nan,nan,nan,nan,0.0,nan,nan,nan,nan
6.95999999999994,nan,nan,nan,nan,nan,0.0,nan,nan,nan,nan,nan,0.0,nan,nan,nan,nan
7.019999999999938,nan,nan,nan,nan,nan,0.0,nan,nan,nan,nan,nan,0.0,nan,nan,nan,nan
7.079999999999937,nan,nan,nan,nan,nan,0.0,nan,nan,nan,nan,nan,0.0,nan,nan,nan,nan
7.139999999999936,nan,nan,nan,nan,nan,0.0,nan,nan,nan,nan,nan,0.0,nan,nan,nan,nan
7.1999999999999345,nan,nan,nan,nan,nan,0.0,nan,nan,nan,nan,nan,0.0,nan,nan,nan,nan
7.259999999999933,nan,nan,nan,nan,nan,0.0,nan,nan,nan,nan,nan,0.0,nan,nan,nan,nan
7.319999999999932,nan,nan,nan,nan,nan,0.0,nan,nan,nan,nan,nan,0.0,nan,nan,nan,nan
7.379999999999931,nan,nan,nan,nan,nan,0.0,nan,nan,nan,nan,nan,0.0,nan,nan,nan,nan
7.439999999999929,nan,nan,nan,nan,nan,0.0,nan,nan,nan,nan,nan,0.0,nan,nan,nan,nan
7.499999999999928,nan,nan,nan,nan,nan,0.0,nan,nan,nan,nan,nan,0.0,nan,nan,nan,nan
7.559999999999927,nan,nan,nan,nan,nan,0.0,nan,nan,nan,nan,nan,0.0,nan,nan,nan,nan
7.6199999999999255,nan,nan,nan,nan,nan,0.0,nan,nan,nan,nan,nan,0.0,nan,nan,nan,nan
7.679999999999924,nan,nan,nan,nan,nan,0.0,nan,nan,nan,nan,nan,0.0,nan,nan,nan,nan
7.739999999999923,nan,nan,nan,nan,nan,0.0,nan,nan,nan,nan,nan,0.0,nan,nan,nan,nan
7.799999999999922,nan,nan,nan,nan,nan,0.0,nan,nan,nan,nan,nan,0.0,nan,nan,nan,nan
